calculation time: 17.3588s
[325, 224, -2.351]
[303, 215, 1.57599]
[290, 215, -3.13639]
[286, 211, -0.7802]
[303, 215, -3.13639]
[304, 199, -0.7802]
[290, 191, -3.13639]
[245, 178, 0.00519816]
[234, 197, -0.7802]
[245, 178, 1.57599]
[247, 197, 0.790596]
[247, 210, 0.790596]
[221, 210, 0.790596]
[221, 197, 0.790596]
[219, 179, 1.57599]
[210, 171, 0.790596]
[219, 179, -2.351]
[210, 158, -0.7802]
[249, 147, 2.36139]
[262, 147, 0.790596]
[270, 146, -3.13639]
[296, 146, 2.36139]
[312, 152, -2.351]
[336, 146, 2.36139]
[329, 168, -0.7802]
[336, 168, 1.57599]
[311, 178, -2.351]
[288, 159, 2.36139]
[199, 249, -1.5656]
[193, 244, -3.13639]
[190, 230, 1.57599]
[189, 236, -1.5656]
[186, 249, 1.57599]
[176, 236, 2.36139]
[160, 249, 1.57599]
[150, 236, 2.36139]
[137, 236, 2.36139]
[124, 236, 2.36139]
[108, 249, 1.57599]
[86, 271, -1.5656]
[88, 262, 2.36139]
[85, 236, 2.36139]
[83, 239, -0.7802]
[85, 223, -2.351]
[98, 223, -1.5656]
[167, 223, 2.36139]
[154, 223, -0.7802]
[175, 217, -3.13639]
[221, 210, 2.36139]
[134, 249, 1.57599]
[189, 340, 2.36139]
[270, 270, 2.36139]
[325, 341, -0.7802]
[325, 328, 2.36139]
[312, 341, 2.36139]
[345, 330, 2.36139]
[377, 352, -3.13639]
[368, 352, -0.7802]
[381, 339, 0.00519816]
[394, 339, 0.00519816]
[381, 339, -1.5656]
[391, 302, 2.36139]
[404, 302, 2.36139]
[404, 289, 0.790596]
[411, 288, -2.351]
[378, 276, 0.790596]
[404, 302, 0.790596]
[415, 237, -0.7802]
[420, 250, -1.5656]
[419, 253, 2.36139]
[407, 250, 0.00519816]
[397, 263, -1.5656]
[377, 255, 1.57599]
[365, 276, -1.5656]
[358, 263, 2.36139]
[352, 276, 0.790596]
[365, 289, 0.790596]
[365, 302, 2.36139]
[350, 315, 0.790596]
[337, 315, -0.7802]
[339, 302, 2.36139]
[326, 302, 2.36139]
[299, 328, -2.351]
[280, 317, 0.790596]
[285, 315, -0.7802]
[267, 319, 1.57599]
[260, 341, -1.5656]
[241, 319, 1.57599]
[234, 340, 2.36139]
[221, 327, 2.36139]
[221, 314, 0.00519816]
[226, 309, 2.36139]
[213, 301, -0.7802]
[216, 288, 2.36139]
[200, 298, -2.351]
[177, 288, 2.36139]
[164, 288, 2.36139]
[151, 288, 2.36139]
[121, 322, -1.5656]
[122, 314, 2.36139]
[109, 314, 2.36139]
[109, 301, -0.7802]
[109, 288, 2.36139]
[96, 288, 2.36139]
[83, 288, 2.36139]
[70, 327, -0.7802]
[83, 326, 2.36139]
[70, 340, 0.790596]
[115, 347, -3.13639]
[137, 340, 2.36139]
[135, 353, -0.7802]
[163, 340, 2.36139]
[172, 327, 2.36139]
[187, 314, 2.36139]
[172, 327, 0.790596]
[146, 327, -0.7802]
[148, 314, 2.36139]
[200, 298, 2.36139]
[218, 262, 2.36139]
[226, 265, -3.13639]
[231, 259, -2.351]
[238, 249, 1.57599]
[244, 258, -1.5656]
[257, 260, -1.5656]
[277, 250, 2.36139]
[286, 237, 2.36139]
[299, 237, 2.36139]
[294, 256, 0.00519816]
[305, 275, -3.13639]
[300, 276, 0.790596]
[332, 263, 2.36139]
[326, 276, 0.790596]
[342, 250, 2.36139]
[364, 256, -2.351]
[375, 227, 0.790596]
[375, 234, -0.7802]
[415, 237, -2.351]
[413, 224, -0.7802]
[414, 211, -0.7802]
[390, 194, 0.790596]
[376, 205, -0.7802]
[377, 194, 2.36139]
[349, 217, -1.5656]
[336, 217, 2.36139]
[325, 224, -0.7802]
[349, 217, 2.36139]

