calculation time: 1.72665s
[330, 165, -1.57584]
[330.625, 159.307, 4.6685]
[330.018, 149.176, 3.39223]
[317.019, 149.108, 3.39223]
[309.674, 146.173, 2.62823]
[302.35, 151.643, 2.58543]
[294.226, 158.735, 1.82143]
[284.674, 168.647, 0.157824]
[301.883, 174.545, 0.248544]
[318.241, 203.97, 0.545158]
[325.808, 211.076, 1.28147]
[326.376, 223.903, 1.33056]
[326.95, 236.763, 1.37964]
[327.531, 249.653, 1.42873]
[328.773, 262.531, 1.52691]
[329.363, 275.518, 1.57599]
[329.296, 288.518, 1.57599]
[329.228, 301.518, 1.576]
[329.16, 314.518, 1.57599]
[329.093, 327.517, 1.57599]
[322.795, 337.848, 0.157826]
[332.826, 337.667, 5.47576]
[339.476, 328.114, 4.91394]
[339.543, 315.114, 4.91394]
[340.911, 302.314, 4.81576]
[341.634, 289.366, 4.76667]
[342.359, 276.386, 4.71759]
[342.427, 263.386, 4.71759]
[342.494, 250.386, 4.71759]
[342.562, 237.386, 4.71759]
[343.256, 230.374, 4.6685]
[345.218, 219.403, 5.61054]
[351.808, 211.211, 1.28147]
[353.666, 223.789, 1.42873]
[354.908, 236.667, 1.52691]
[355.498, 249.654, 1.57599]
[355.43, 262.653, 1.576]
[355.363, 275.653, 1.57599]
[355.295, 288.653, 1.57599]
[355.228, 301.653, 1.576]
[355.16, 314.653, 1.57599]
[355.093, 327.653, 1.57599]
[356.07, 334.994, 1.35138]
[355.005, 344.796, 0.250635]
[359.985, 351.841, 5.35573]
[364.767, 341.101, 4.96302]
[365.475, 328.249, 4.91394]
[365.543, 315.249, 4.91394]
[366.91, 302.449, 4.81576]
[367.634, 289.501, 4.76667]
[368.359, 276.521, 4.71759]
[368.389, 268.109, 4.2544]
[386.073, 234.101, 3.68675]
[386, 234, -2.57367]
[386, 234, -2.42785]
[382.128, 205.344, 3.15815]
[359.242, 207.548, 5.50298]
[368.569, 202.011, 3.44131]
[330.003, 209.245, 3.02139]
[321.627, 211.627, 3.76352]
[311.371, 201.082, 4.01867]
[297.785, 194.009, 3.39223]
[289.141, 191.841, 3.70816]
[281.091, 184.664, 4.47215]
[278.558, 172.036, 4.6685]
[284.089, 157.175, 5.25755]
[290.84, 149.606, 3.44132]
[283.765, 147.516, 2.83086]
[276.306, 151.436, 2.57915]
[268.226, 158.6, 1.82143]
[268.159, 171.6, 1.82143]
[268.091, 184.6, 1.82143]
[264.965, 193.692, 0.299723]
[277.786, 194.393, 0.250635]
[290.786, 194.461, 0.250634]
[310.617, 205.326, 2.11596]
[306.778, 214.771, 0.744578]
[313.376, 223.836, 1.33056]
[313.951, 236.695, 1.37964]
[314.532, 249.586, 1.42873]
[315.773, 262.463, 1.52691]
[316.363, 275.451, 1.57599]
[316.296, 288.45, 1.57599]
[316.228, 301.45, 1.576]
[316.161, 314.45, 1.57599]
[316.093, 327.45, 1.57599]
[316.057, 334.45, 1.576]
[316.144, 343.505, 3.34621]
[306.28, 340.797, 4.47215]
[305.056, 328.047, 4.57032]
[305.124, 315.048, 4.57033]
[305.191, 302.048, 4.57032]
[305.259, 289.048, 4.57032]
[307.275, 270.035, 4.8762]
[308.825, 262.079, 4.30349]
[305.462, 250.048, 4.57032]
[305.529, 237.049, 4.57032]
[295.7, 224.291, 3.74522]
[289.006, 217.841, 3.70816]
[277.503, 214.538, 3.44132]
[265.08, 211.241, 3.19588]
[255.591, 210.357, 4.42306]
[255.024, 197.529, 4.47215]
[251.638, 188.403, 3.44132]
[242.091, 184.465, 1.82143]
[242.024, 197.465, 1.82143]
[242.589, 210.643, 1.87052]
[238.83, 219.557, 0.299723]
[251.504, 220.898, 0.201547]
[264.388, 221.613, 0.152461]
[277.252, 222.989, 0.0542862]
[286.741, 223.873, 1.28147]
[287.951, 236.56, 1.37964]
[289.916, 244.445, 1.9901]
[288.369, 256.335, 1.64372]
[287.368, 260.701, 2.41048]
[266.249, 270.035, 5.69934]
[273.541, 262.451, 5.01211]
[276.838, 250.029, 4.76667]
[277.367, 240.537, 3.44132]
[264.368, 240.47, 3.44131]
[251.368, 240.402, 3.44132]
[238.368, 240.334, 3.44132]
[229.456, 236.221, 4.42306]
[229.524, 223.221, 4.42306]
[229.591, 210.222, 4.42306]
[229.024, 197.394, 4.47215]
[229.376, 186.901, 5.49992]
[234.983, 160.109, 5.67782]
[243.373, 156.003, 5.94328]
[250.834, 152.216, 2.65801]
[251.6, 156.027, 3.4904]
[239.07, 155.342, 3.36454]
[217.452, 161.693, 5.40482]
[226.81, 155.273, 3.44132]
[220.414, 147.169, 2.15968]
[214.286, 157.983, 1.67417]
[214.219, 170.983, 1.67417]
[214.151, 183.983, 1.67417]
[214.083, 196.982, 1.67417]
[214.016, 209.982, 1.67417]
[213.293, 222.93, 1.62508]
[213.225, 235.93, 1.62508]
[212.695, 245.421, 0.299722]
[225.695, 245.489, 0.299723]
[238.695, 245.557, 0.299723]
[251.368, 246.898, 0.201547]
[260.607, 249.737, 1.28147]
[263.849, 257.31, 1.9901]
[261.314, 266.577, 3.99065]
[245.706, 258.449, 3.29405]
[237.725, 257.05, 2.73269]
[225.273, 258.487, 2.85227]
[212.274, 258.419, 2.85227]
[203.321, 262.086, 4.42306]
[199.301, 253.132, 3.44132]
[186.301, 253.064, 3.44131]
[173.48, 252.363, 3.39223]
[160.48, 252.296, 3.39223]
[147.48, 252.228, 3.39223]
[134.48, 252.161, 3.39223]
[121.481, 252.093, 3.39223]
[108.481, 252.026, 3.39223]
[95.3022, 252.591, 3.44132]
[87.1765, 249.227, 3.65907]
[85.2574, 249.631, 3.78493]
[75.6929, 245.489, 5.99386]
[83.8532, 242.21, 5.77611]
[95.7238, 239.593, 5.99386]
[108.552, 239.026, 6.04295]
[121.551, 239.093, 6.04295]
[134.551, 239.161, 6.04295]
[147.551, 239.228, 6.04295]
[160.551, 239.296, 6.04295]
[173.551, 239.364, 6.04295]
[182.677, 235.978, 5.01211]
[186.436, 227.064, 3.44131]
[174.034, 223.11, 3.14679]
[167.034, 223.074, 3.14679]
[157.525, 222.847, 4.42306]
[153.753, 221.498, 5.25755]
[160.686, 213.296, 6.04295]
[179.607, 250.643, 1.03649]
[186.446, 258.919, 2.90135]
[173.587, 259.494, 2.95044]
[160.587, 259.426, 2.95044]
[147.587, 259.359, 2.95044]
[134.697, 259.94, 2.99953]
[121.774, 260.525, 3.04862]
[108.832, 261.772, 3.14679]
[95.8123, 262.361, 3.19588]
[88.8124, 262.325, 3.19588]
[76.1405, 256.784, 1.08512]
[82.5929, 264.745, 0.299722]
[94.9955, 268.7, 0.00519722]
[107.995, 268.767, 0.00519961]
[120.995, 268.835, 0.00519722]
[133.995, 268.902, 0.00519722]
[146.995, 268.97, 0.00519961]
[165.995, 269.069, 0.0051977]
[174.406, 269.125, 0.468385]
[185.983, 274.515, 0.0542871]
[198.963, 275.24, 0.00519722]
[211.963, 275.308, 0.00519722]
[221.472, 275.534, 1.28147]
[224.935, 283.861, 2.80318]
[212.138, 284.419, 2.85227]
[199.311, 284.986, 2.90136]
[186.452, 285.561, 2.95044]
[173.696, 288.109, 3.14679]
[160.696, 288.042, 3.14679]
[153.023, 289.838, 2.83086]
[145.2, 293.211, 2.53006]
[134.386, 296.559, 3.34621]
[120.141, 294.036, 3.62829]
[108.278, 291.025, 3.39223]
[95.0995, 291.59, 3.44131]
[86.0547, 288.636, 3.78493]
[75.3667, 274.198, 1.57599]
[78.3669, 287.803, 1.2784]
[82.4266, 296.745, 0.299722]
[94.9844, 298.734, 0.152459]
[107.9, 299.454, 0.103375]
[117.973, 300.821, 1.33056]
[121.004, 309.946, 2.85227]
[108.177, 310.513, 2.90135]
[95.4268, 311.736, 2.99953]
[88.504, 312.353, 3.04862]
[79.0526, 313.44, 4.42306]
[79.4376, 307.618, 1.82056]
[79.2791, 313.867, 1.88841]
[77.0618, 326.352, 1.72326]
[76.4832, 332.211, 1.6072]
[76.0045, 334.236, 1.64695]
[73.8408, 341.972, 0.919975]
[81.9775, 349.377, 0.250634]
[86.7257, 352.966, 5.71153]
[82, 326, 0.0534863]
[94.9458, 323.191, 6.10141]
[113.738, 321.455, 6.2393]
[122.981, 321.291, 5.69933]
[136.826, 309.419, 5.60116]
[147.213, 304.228, 6.04295]
[159.963, 303.004, 6.14112]
[172.963, 303.072, 6.14112]
[186.806, 300.189, 5.90506]
[199.216, 298.108, 0.241257]
[211.899, 299.994, 0.103372]
[221.972, 301.362, 1.33056]
[225.003, 310.486, 2.85227]
[216.049, 314.507, 1.87052]
[213.408, 326.981, 1.67417]
[212.222, 336.42, 0.299722]
[221.769, 340.358, 4.96302]
[225.249, 331.267, 5.99386]
[232.793, 327.621, 5.72074]
[237.972, 323.058, 6.09204]
[261.067, 318.565, 2.41048]
[248.427, 331.997, 2.45957]
[236.069, 338.554, 2.42236]
[237.663, 339.497, 0.0758006]
[250.644, 339.852, 0.0542847]
[260.768, 340.561, 4.96302]
[261.446, 333.708, 4.91394]
[263.971, 324.924, 0.204615]
[276.847, 325.68, 0.152462]
[286.867, 321.699, 1.33056]
[287.083, 331.794, 2.41986]
[283.099, 334.078, 4.71452]
[282.352, 325.606, 5.33432]
[288.844, 315.043, 4.81576]
[261, 271, 1.78116]
[192.374, 302.302, 2.053]
[186.176, 310.918, 2.90135]
[173.317, 311.493, 2.95044]
[160.317, 311.426, 2.95044]
[145.274, 319.517, 2.55774]
[134.051, 334.475, 2.12533]
[128.697, 341.896, 2.18645]
[120.802, 348.945, 2.85227]
[123.397, 348.064, 5.62839]
[136.691, 335.418, 5.60116]
[146.937, 329.585, 6.09204]
[159.828, 329.004, 6.14112]
[172.828, 329.071, 6.14112]
[182.837, 327.159, 1.33056]
[185.868, 336.283, 2.85227]
[173.041, 336.85, 2.90135]
[160.182, 337.425, 2.95044]
[145.139, 345.517, 2.55774]
[134.156, 349.015, 0.299722]
[146.977, 349.715, 0.250637]
[159.829, 350.424, 0.201547]
[172.829, 350.491, 0.201547]
[285.848, 340.303, 0.589332]
[361.825, 337.291, 6.12323]
[369.754, 335.333, 5.72074]
[377.834, 328.169, 4.96302]
[378.543, 315.317, 4.91394]
[379.91, 302.517, 4.81576]
[380.633, 289.569, 4.76667]
[381.358, 276.588, 4.71759]
[381.797, 269.374, 4.53746]
[383.595, 258.05, 5.66244]
[402.982, 252.942, 2.26322]
[398.317, 263.453, 1.87052]
[395.02, 275.876, 1.62508]
[395.608, 288.927, 1.67417]
[395.54, 301.927, 1.67417]
[395.473, 314.927, 1.67417]
[395.436, 321.927, 1.67417]
[382.14, 338.832, 2.13489]
[393.889, 337.823, 6.09548]
[399.587, 339.426, 5.30663]
[403.834, 328.304, 4.96302]
[404.542, 315.452, 4.91394]
[405.91, 302.652, 4.81576]
[406.633, 289.704, 4.76667]
[407.358, 276.724, 4.71759]
[407.426, 263.724, 4.71759]
[407.493, 250.724, 4.71759]
[404.828, 232.022, 4.39578]
[395.112, 205.875, 3.19277]
[392.869, 205.692, 3.73584]
[381.923, 202.08, 5.99386]
[389.468, 198.025, 0.572844]
[396.758, 203.586, 0.615648]
[403.807, 211.481, 1.28147]
[413.734, 225.862, 1.03603]
[416.672, 237.548, 1.28147]
[414.692, 246.471, 0.299723]
[423.606, 250.231, 5.01211]
[424.493, 237.223, 4.41999]
[424.521, 224.235, 4.42306]
[414.021, 210.175, 4.22671]
[407.922, 202.215, 5.99386]
[414.922, 202.252, 5.99386]
[423.875, 198.585, 1.28147]
[424.442, 211.413, 1.33056]
[410.44, 277.524, 1.2796]
[413.637, 288.973, 1.52691]
[414.227, 301.96, 1.576]
[414.159, 314.959, 1.57599]
[414.113, 323.959, 1.57599]
[101.339, 234.827, 4.27263]
[99.1899, 218.437, 2.48038]
[94.3474, 223.034, 4.81367]

