calculation time: 147.24s
[300.038, 218.939, 5.63236]
[307.89, 214.71, 5.33784]
[310.914, 204.505, 0.496074]
[317.486, 212.54, 5.58327]
[322.615, 205.153, 0.446984]
[329.785, 204.91, 1.11632]
[333.624, 211.993, 1.10594]
[335.427, 222.466, 5.86408]
[336.652, 220.211, 6.04295]
[344.691, 223.006, 5.17726]
[351.831, 214.117, 5.5436]
[357.64, 210.472, 5.10492]
[359.458, 208.072, 4.96302]
[361.766, 198.341, 6.04295]
[387.406, 193.704, 2.80318]
[381.172, 194.005, 2.15967]
[372.748, 201.887, 0.250635]
[375.273, 205.106, 5.74305]
[393.616, 205.745, 4.17762]
[385.665, 198.021, 6.077]
[386.173, 193.698, 0.34881]
[392.987, 193.738, 1.20948]
[398.255, 202.932, 0.677261]
[407.605, 207.83, 2.11596]
[402.061, 214.965, 0.775438]
[410.828, 220.451, 0.299722]
[415.827, 220.477, 0.299721]
[424.741, 224.236, 5.01211]
[429.145, 221.794, 4.03036]
[424.591, 211.678, 4.57571]
[425.332, 207.559, 4.52123]
[415.943, 198.257, 5.99386]
[415.784, 195.11, 0.250632]
[423.921, 195.794, 2.95044]
[414.604, 208.183, 4.42306]
[408.312, 222.708, 2.09732]
[402.456, 229.858, 0.593788]
[412.76, 233.461, 0.299722]
[415.76, 233.477, 0.299722]
[424.672, 237.59, 1.28147]
[425.934, 240.277, 1.37964]
[429.436, 240.615, 1.87052]
[429.395, 242.587, 2.52085]
[425.006, 246.521, 2.60637]
[419.806, 251.864, 3.25716]
[407.74, 252.291, 3.29405]
[398.329, 261.099, 4.42307]
[401.854, 255.709, 3.10307]
[394.101, 256.613, 2.62823]
[387.355, 263.97, 3.76352]
[382.41, 257.131, 2.67732]
[375.356, 263.907, 3.76352]
[368.043, 258.33, 3.80633]
[360.132, 255.461, 4.66804]
[360.172, 247.374, 4.59323]
[358.372, 225.492, 2.10376]
[352.579, 233.782, 2.90135]
[340.72, 234.362, 2.95044]
[328.829, 234.949, 2.99953]
[316.906, 235.539, 3.04862]
[304.964, 236.791, 3.14679]
[292.945, 237.386, 3.19588]
[280.945, 237.323, 3.19588]
[268.945, 237.261, 3.19588]
[256.945, 237.199, 3.19588]
[244.945, 237.136, 3.19588]
[232.946, 237.074, 3.19588]
[220.946, 237.012, 3.19588]
[212.321, 234.374, 2.19227]
[210.108, 238.985, 2.26858]
[205.45, 247.74, 3.40845]
[192.187, 236.063, 1.7728]
[190.514, 245.94, 2.90135]
[178.654, 246.52, 2.95044]
[166.841, 247.759, 3.04862]
[154.886, 248.353, 3.0977]
[142.899, 248.948, 3.14679]
[130.879, 249.544, 3.19588]
[118.828, 250.137, 3.24496]
[106.828, 250.074, 3.24497]
[94.8281, 250.012, 3.24497]
[85.3747, 251.473, 4.42306]
[78.1892, 247.43, 5.20846]
[83.9271, 240.156, 5.94477]
[86.838, 238.894, 5.96663]
[95.3802, 238.151, 6.10452]
[107.411, 238.378, 6.09203]
[119.411, 238.44, 6.09203]
[131.41, 238.503, 6.09203]
[137.799, 239.04, 5.97597]
[143.367, 238.329, 6.10992]
[155.41, 238.628, 6.09203]
[167.551, 239.332, 6.04295]
[176.952, 234.626, 5.94582]
[185.688, 230.54, 4.78531]
[189.49, 216.886, 2.65696]
[183.828, 226.891, 3.95941]
[178.481, 219.257, 2.85331]
[167.021, 222.416, 3.0977]
[157.525, 222.847, 4.42306]
[156.278, 217.16, 4.52124]
[153.882, 210.322, 5.79751]
[153.917, 203.688, 0.496072]
[167.818, 248.784, 1.45014]
[168.796, 257.699, 1.52691]
[170.399, 267.836, 2.90135]
[147.907, 271.45, 5.50299]
[158.413, 265.285, 3.39223]
[149.341, 258.159, 1.87052]
[146.4, 267.711, 2.90135]
[142.857, 271.424, 3.93219]
[134.413, 265.161, 3.39223]
[125.341, 258.034, 1.87052]
[122.228, 266.951, 2.85227]
[118.858, 271.299, 3.93219]
[110.413, 265.036, 3.39223]
[101.342, 257.91, 1.87052]
[98.2283, 266.827, 2.85227]
[94.8579, 271.174, 3.93219]
[86.2348, 265.544, 3.44132]
[77.3185, 261.104, 4.17808]
[76.3393, 257.099, 4.17808]
[73.3645, 253.41, 4.42306]
[85.1221, 236.036, 4.67601]
[85.1054, 229.537, 5.74842]
[93.3913, 223.033, 4.81037]
[94.6637, 217.097, 4.71759]
[76.5019, 261.56, 1.80711]
[81.3344, 267.883, 2.53051]
[74.2535, 274.769, 1.87052]
[70.2134, 281.842, 0.446984]
[80.8969, 287.627, 0.00519818]
[92.9095, 288.347, 6.2393]
[100.898, 288.38, 0.0313737]
[112.891, 288.793, 0.00519818]
[124.937, 288.968, 6.20524]
[136.954, 289.232, 6.19021]
[148.954, 289.294, 6.19021]
[160.954, 289.356, 6.19021]
[172.953, 289.419, 6.19021]
[184.953, 289.481, 6.19021]
[193.924, 287.753, 0.900965]
[201.76, 294.371, 2.60729]
[191.243, 297.945, 2.90135]
[179.384, 298.525, 2.95044]
[167.57, 299.764, 3.04862]
[155.616, 300.358, 3.0977]
[143.629, 300.953, 3.14679]
[131.609, 301.548, 3.19588]
[119.557, 302.141, 3.24497]
[107.558, 302.079, 3.24497]
[95.5578, 302.017, 3.24497]
[83.4741, 302.607, 3.29405]
[74.1183, 300.769, 1.87052]
[70.0783, 307.842, 0.446984]
[80.917, 311.661, 0.15246]
[92.833, 312.376, 0.103373]
[103.809, 307.418, 1.47245]
[104.322, 316.859, 0.299722]
[123.893, 325.933, 4.27044]
[117.146, 317.071, 6.04295]
[128.819, 315.19, 6.19021]
[140.819, 315.252, 6.19021]
[152.819, 315.314, 6.19021]
[164.818, 315.377, 6.19021]
[176.818, 315.439, 6.19021]
[186.921, 313.836, 1.48321]
[188.936, 323.299, 2.85227]
[177.108, 323.871, 2.90135]
[165.249, 324.451, 2.95044]
[153.249, 324.389, 2.95044]
[141.359, 324.975, 2.99953]
[131.02, 328.422, 2.11993]
[123.673, 334.722, 0.397897]
[134.781, 337.941, 0.15246]
[146.697, 338.656, 0.103373]
[158.645, 339.374, 0.0542857]
[170.645, 339.436, 0.0542857]
[179.868, 339.869, 1.71388]
[178.973, 349.881, 2.90135]
[167.114, 350.462, 2.95044]
[155.114, 350.399, 2.95044]
[143.223, 350.985, 2.99953]
[131.301, 351.576, 3.04862]
[124.073, 352.581, 3.58858]
[118.102, 347.092, 2.705]
[111.914, 351.851, 3.61626]
[106.22, 347.29, 2.72641]
[100.343, 351.857, 3.53949]
[94.599, 348.184, 2.80318]
[83.2242, 350.673, 2.99953]
[73.2151, 352.586, 4.47215]
[70.001, 330.19, 1.01981]
[71.9231, 339.846, 4.57548]
[70.1563, 331.71, 5.81254]
[79.9176, 325.225, 0.18505]
[80.7138, 325.969, 0.0542905]
[176.768, 287.736, 5.06243]
[180.52, 279.034, 5.99386]
[191.963, 275.204, 0.00519818]
[203.963, 275.266, 0.00519818]
[213.474, 275.139, 5.01211]
[213.059, 264.292, 0.0815126]
[220.668, 269.523, 5.42667]
[225.922, 262.771, 4.68069]
[226.301, 253.272, 3.44132]
[215.51, 253.444, 2.42217]
[206.274, 258.388, 2.85227]
[194.446, 258.961, 2.90135]
[203.404, 276.807, 1.03063]
[209.492, 284.405, 0.299722]
[215.959, 285.817, 0.693469]
[223.395, 291.546, 2.32419]
[213.212, 297.416, 6.05483]
[222.997, 296.367, 1.33056]
[224.645, 301.724, 1.91209]
[217.156, 309.723, 0.609405]
[223.773, 316.909, 0.900963]
[228.283, 325.71, 5.79751]
[233.593, 319.148, 0.67056]
[242.963, 324.855, 0.201548]
[253.723, 331.823, 4.59389]
[251.295, 322.403, 5.99386]
[257.563, 319.312, 0.666897]
[266.963, 324.98, 0.201548]
[277.723, 331.948, 4.59389]
[274.976, 323.398, 5.57563]
[281.867, 321.67, 4.96302]
[277.14, 318.576, 5.45389]
[284.615, 314.842, 4.90858]
[285.865, 311.028, 4.81576]
[287.104, 303.428, 5.8466]
[299.953, 288.382, 1.62508]
[298.424, 297.868, 0.299722]
[309.982, 299.852, 0.15246]
[321.897, 300.566, 0.103373]
[333.826, 301.942, 0.00519818]
[345.826, 302.004, 0.00519818]
[357.826, 302.066, 0.00519818]
[369.825, 302.129, 0.00519818]
[381.825, 302.191, 0.00519818]
[393.825, 302.254, 0.00519818]
[402.825, 302.3, 0.00519818]
[412.969, 302.352, 4.96302]
[416.348, 300.756, 4.32594]
[409.966, 276.034, 1.69603]
[409.136, 285.443, 2.85227]
[397.136, 285.381, 2.85227]
[385.308, 285.953, 2.90135]
[373.449, 286.533, 2.95044]
[361.635, 287.773, 3.04862]
[349.681, 288.366, 3.0977]
[337.693, 288.962, 3.14679]
[325.674, 289.557, 3.19588]
[313.622, 290.15, 3.24497]
[304.185, 288.61, 4.42306]
[304.19, 287.611, 4.42308]
[299.575, 286.877, 5.15938]
[299.745, 280.346, 5.9394]
[310.974, 276.48, 6.2393]
[322.974, 276.542, 6.2393]
[334.974, 276.605, 6.2393]
[346.961, 276.01, 0.00519818]
[358.961, 276.072, 0.00519818]
[370.961, 276.134, 0.00519818]
[382.96, 276.197, 0.00519818]
[394.96, 276.259, 0.00519818]
[396.96, 276.269, 0.00520342]
[406.411, 276.719, 4.71361]
[407.23, 267.213, 3.44132]
[386.336, 227.724, 2.64122]
[386.073, 234.101, 3.68675]
[386, 234, -1.62742]
[359.131, 235.138, 4.11837]
[340.613, 227.232, 3.39223]
[329.012, 224.573, 3.19588]
[317.012, 224.511, 3.19588]
[308.197, 226.481, 4.20439]
[302.66, 218.034, 3.39223]
[289.439, 210.502, 1.40641]
[292.475, 219.836, 2.85227]
[281.032, 223.666, 3.14679]
[269.013, 224.261, 3.19588]
[257.013, 224.199, 3.19588]
[245.013, 224.136, 3.19588]
[233.013, 224.074, 3.19588]
[221.013, 224.012, 3.19588]
[211.524, 223.128, 4.42306]
[207.557, 216.013, 5.8466]
[218.857, 214.233, 5.99386]
[230.857, 214.295, 5.99386]
[242.857, 214.357, 5.99386]
[254.857, 214.42, 5.99386]
[266.857, 214.482, 5.99386]
[275.811, 210.462, 5.01211]
[276.602, 201.237, 6.09353]
[278.825, 201.194, 6.02108]
[287.554, 203.921, 4.88107]
[288.96, 194.597, 5.99386]
[292.087, 191.216, 0.512296]
[314.302, 194.05, 2.78131]
[301.392, 198.926, 5.89359]
[301.742, 175.159, 0.201553]
[315.582, 178.083, -2.81464]
[301.956, 161.374, 1.57598]
[301.957, 159.789, 2.03964]
[299.664, 165.548, 2.38862]
[297.197, 173.354, 3.26683]
[285.231, 173.001, 3.24497]
[273.147, 173.591, 3.29405]
[265.527, 170.411, 2.49077]
[261.213, 172.745, 2.06687]
[255.678, 180.644, 2.85227]
[246.07, 188.482, 4.47215]
[244.258, 179.11, 3.11956]
[240.36, 174.979, 2.36139]
[231.679, 180.519, 2.85227]
[222.05, 192.358, 4.47215]
[220.772, 184.098, 3.76307]
[213.092, 184.311, 4.47215]
[213.159, 171.311, 4.47215]
[213.216, 160.311, 4.47215]
[210.178, 153.614, 5.79751]
[212.555, 146.834, 0.790596]
[221.993, 152.413, 0.464871]
[230.772, 147.405, 1.33056]
[232.686, 154.809, 0.125233]
[240.835, 159.836, 5.11029]
[246.83, 151.377, 3.44132]
[245.162, 150.273, 6.0013]
[267.961, 146.598, 2.41048]
[258.509, 151.664, 0.544701]
[268.841, 155.988, 0.201548]
[280.725, 156.697, 0.15246]
[291.867, 155.447, 6.08356]
[299.722, 157.614, 5.2031]
[306.84, 149.689, 3.44132]
[295.166, 148.353, 3.34314]
[283.166, 148.29, 3.34314]
[271.144, 171.904, 1.8982]
[266.032, 180.698, 0.299722]
[273.741, 185.602, 2.03281]
[268.611, 193.711, 2.85227]
[257.033, 195.575, 2.99953]
[245.155, 196.822, 3.0977]
[233.168, 197.417, 3.14679]
[221.168, 197.355, 3.14679]
[211.607, 207.128, 4.42306]
[230.571, 237.969, 1.02756]
[234.895, 246.774, 1.05959]
[237.708, 255.872, 5.78784]
[245.126, 249.019, 0.900964]
[253.969, 255.642, 0.544701]
[259.702, 260.352, 0.762328]
[265.471, 268.695, 5.81499]
[271.702, 260.415, 0.762325]
[278.907, 266.102, 5.50605]
[285.591, 263.089, 4.70539]
[286.3, 253.584, 3.44132]
[274.3, 253.521, 3.44132]
[263.152, 263.034, 1.93631]
[260.345, 272.304, 1.72326]
[285.704, 256.115, 5.7884]
[291.793, 245.552, 0.866912]
[296.65, 253.624, 5.99491]
[308.481, 253.065, 6.04295]
[320.481, 253.128, 6.04295]
[332.481, 253.19, 6.04295]
[341.632, 250.495, 1.2047]
[347.444, 259.756, 2.90135]
[335.694, 260.985, 2.99953]
[323.771, 261.575, 3.04862]
[345.029, 262.999, 0.00519818]
[354.866, 301.861, 1.39887]
[358.173, 311.812, 2.90135]
[346.314, 312.392, 2.95044]
[334.424, 312.979, 2.99953]
[322.501, 313.57, 3.04862]
[310.559, 314.821, 3.14679]
[300.38, 317.196, 2.23769]
[291.289, 323.831, 0.299722]
[302.846, 325.815, 0.15246]
[314.762, 326.529, 0.103373]
[326.691, 327.905, 0.00519818]
[336.257, 317.131, 1.28148]
[339.099, 326.713, 0.250635]
[354.636, 341.193, 4.52124]
[350.748, 329.343, 6.19021]
[362.748, 329.406, 6.19021]
[374.748, 329.468, 6.19021]
[386.748, 329.531, 6.19021]
[398.825, 330.246, 6.14112]
[402.825, 330.267, 6.14113]
[412.844, 326.354, 1.33056]
[415.837, 331.386, 2.50866]
[406.189, 336.704, 2.95044]
[394.375, 337.943, 3.04862]
[382.252, 338.991, 2.98164]
[373.148, 340.226, 2.05037]
[364.163, 348.21, 0.299725]
[367.981, 348.864, 2.90135]
[364.041, 352.478, 4.16113]
[365.956, 328.137, 4.95365]
[368.315, 319.011, 5.99386]
[379.893, 317.147, 6.14112]
[391.892, 317.21, 6.14112]
[402.892, 317.267, 6.14112]
[339.257, 333.607, 2.56499]
[322.331, 333.668, 0.763381]
[332.856, 339.047, 2.85227]
[329.385, 341.869, 3.21775]
[319.96, 342.136, 2.53156]
[314.051, 349.676, 3.86688]
[304.689, 344.115, 3.47537]
[293.418, 340.276, 3.11274]
[281.424, 340.67, 3.14679]
[269.405, 341.265, 3.19588]
[257.405, 341.202, 3.19588]
[249.416, 341.153, 3.12061]
[245.405, 341.134, 3.19542]
[236.153, 340.087, 2.13677]
[233.35, 344.604, 3.2353]
[228.472, 350.753, 4.03036]
[221.269, 342.323, 3.29405]
[211.333, 330.307, 1.82143]
[211.281, 340.304, 4.47215]
[208.242, 333.606, 5.79751]
[213.937, 326.38, 4.26669]
[292.033, 340.29, 1.19413]
[350.886, 211.428, 4.70345]
[351.375, 207.415, 4.6685]
[328, 156, 0.985386]
[336.425, 156.812, 2.16504]
[335.282, 168.145, 4.13605]
[324.508, 152.007, 0.544702]
[332.713, 158.932, 4.96302]
[336.292, 157.77, 4.22671]
[331.018, 149.181, 3.39223]
[328.966, 145.81, 2.67381]

