[321.879, 208.299, 2.86178]
[307.373, 214.854, 3.20539]
[301.818, 216.317, 3.63247]
[293.256, 216.998, 4.46695]
[287.683, 211.818, 5.20326]
[292.616, 199.342, 0.0490872]
[298.182, 197.683, 0.490874]
[312.784, 222.657, 1.17098]
[321.889, 226.506, 2.11076]
[315.076, 233.194, 0.938026]
[321.971, 246.591, 1.01864]
[326.386, 259.857, 1.37445]
[326.134, 272.972, 1.80685]
[322.15, 293.976, 1.80811]
[313.579, 309.949, 2.17191]
[302.111, 312.506, 1.03084]
[308.619, 320.711, 6.23012]
[320.858, 317.445, 5.69414]
[339.984, 310.186, 6.04311]
[350.62, 310.273, 0.0542466]
[359.858, 310.555, 0.589049]
[379.76, 313.934, 0.154777]
[389.744, 310.998, 4.95783]
[396.889, 306.494, 4.17243]
[390.113, 292.033, 4.47795]
[378.143, 281.614, 3.33794]
[369.066, 278.971, 3.36517]
[354.142, 270.445, 3.73064]
[344.127, 252.348, 4.15161]
[331.156, 240.423, 3.7287]
[325.372, 235.14, 3.07735]
[297.384, 235.342, 3.09251]
[282.267, 229.392, 3.55569]
[274.038, 223.722, 4.06909]
[268.614, 212.143, 4.51604]
[266.124, 205.827, 5.00587]
[262.058, 187.046, 4.48212]
[261.614, 174.143, 4.51604]
[262.445, 168.142, 4.12334]
[261.998, 160.256, 3.38703]
[255.349, 154.488, 2.45332]
[247.122, 156.289, 2.7013]
[236.066, 175.029, 2.91802]
[230.818, 180.317, 3.63247]
[218.342, 174.384, 4.76148]
[216.683, 168.818, 5.20326]
[215.745, 158.966, 6.13592]
[221.858, 153.555, 0.589049]
[233.658, 159.616, 1.61988]
[233.404, 178.715, 5.75826]
[235.86, 175.372, 0.197396]
[244.919, 178.907, 6.06452]
[259.971, 166.409, 5.26454]
[274.821, 160.311, 3.63201]
[254.009, 156.081, 2.30815]
[248.256, 156.002, 1.81623]
[258.151, 187.944, 1.11912]
[268.935, 194.255, 2.52532]
[250.249, 197.991, 2.99111]
[244.066, 199.029, 2.91802]
[233.614, 222.857, 1.76715]
[243.002, 232.744, 0.245437]
[259.723, 237.629, 0.41241]
[269.179, 240.896, 5.9882]
[293.656, 253.868, 0.561235]
[305.658, 256.616, 1.61988]
[307.889, 262.506, 2.11076]
[302.094, 274.849, 3.35583]
[277.249, 269.998, 5.64356]
[281.642, 266.501, 5.59596]
[287.601, 257.167, 6.2707]
[299.743, 279.621, 1.62629]
[301.889, 285.506, 2.11076]
[297.384, 297.658, 3.19068]
[289.195, 299.648, 1.96888]
[285.138, 310.55, 2.55209]
[275.094, 318.849, 3.35583]
[273.384, 318.658, 3.19068]
[260.335, 319.313, 3.23977]
[256.818, 322.317, 3.63247]
[246.055, 321.023, 3.36914]
[228.255, 317.209, 4.54327]
[225.315, 304.128, 4.91413]
[225.342, 302.384, 4.76148]
[225.151, 290.094, 4.92663]
[225.342, 288.384, 4.76148]
[224.959, 277.05, 4.94133]
[224.555, 271.142, 5.30144]
[239.745, 258.034, 0.147262]
[245.858, 256.555, 0.589049]
[257.658, 272.616, 1.61988]
[257.744, 273.002, 1.32536]
[258.111, 283.494, 5.25235]
[268.61, 270.472, 0.0394189]
[273.963, 269.903, 0.233244]
[284.701, 264.663, 1.47367]
[273.04, 270.28, 2.2143]
[287.018, 297.763, 5.35052]
[327.625, 283.141, 5.88944]
[338.878, 281.289, 0.440293]
[362.768, 288.883, 0.158655]
[372.766, 293.428, 0.909098]
[387.286, 299.651, 2.73101]
[367.136, 297.649, 3.34057]
[348.152, 298.568, 3.33445]
[338.256, 300.998, 4.46695]
[335.124, 294.827, 5.00587]
[335.381, 279.302, 4.83347]
[349.029, 234.066, 4.93596]
[346.794, 224.269, 6.11302]
[355.486, 222.617, 5.056]
[356.555, 217.142, 5.30144]
[367.909, 205.137, 0.215284]
[369.616, 205.342, 0.0490872]
[382.706, 205.318, 0.125859]
[388.858, 203.555, 0.589049]
[402.646, 237.616, 1.61901]
[404.889, 243.506, 2.11076]
[398.384, 255.658, 3.19068]
[394.818, 259.317, 3.63247]
[381.225, 257.161, 3.30357]
[375.818, 257.317, 3.63247]
[363.133, 253.269, 4.85214]
[363.25, 250, 4.46741]
[359.371, 237.395, 4.6847]
[358.046, 228.005, 5.17281]
[368.018, 205.237, 0.93266]
[383.617, 205.486, 2.79798]
[359.157, 210.941, 1.11963]
[357.855, 221.6, 6.08788]
[374.62, 231.128, 5.89049]
[378.651, 231.512, 5.59492]
[382.62, 228.128, 5.89049]
[400.969, 217.608, 5.67943]
[409.94, 229.23, 1.26294]
[405.002, 238.744, 0.245437]
[415.386, 219.143, 4.90874]
[423.998, 209.256, 3.38703]
[413.046, 204.059, 3.37187]
[402.133, 204.313, 2.7033]
[375.691, 226.813, 0.566141]
[386.388, 229.891, 2.75039]
[386.38, 234.128, 3.53429]
[379.249, 228.304, 2.33263]
[378.302, 231.801, 2.57441]
[361.002, 242.256, 6.03775]
[374.658, 231.616, 1.61988]
[375.982, 234.237, 2.20893]
[363.32, 244.432, 0.512277]
[371.041, 256.044, 5.81522]
[377.255, 234.065, 0.954521]
[384.018, 234.237, 0.93266]
[402.763, 246.982, 3.77973]
[402.14, 234.372, 2.9442]
[384.149, 231.747, 0.485509]
[401.827, 233.47, 2.10539]
[390.018, 255.763, 5.35052]
[404.924, 244.461, 2.87429]
[392.004, 255.572, 1.02146]
[396.386, 271.857, 1.37445]
[399.265, 282.889, 1.12855]
[402.386, 313.857, 1.37445]
[393.028, 324.863, 2.90526]
[378.214, 332.488, 2.71769]
[370.45, 342.242, 4.29351]
[366.504, 333.102, 4.11798]
[354.235, 324.465, 3.5617]
[343.907, 322.397, 2.86939]
[336.745, 321.065, 2.18707]
[334.998, 328.744, 2.89616]
[323.238, 333.543, 2.72213]
[320.143, 336.386, 2.94524]
[310.818, 337.317, 3.63247]
[244.225, 332.161, 3.30356]
[231.265, 329.397, 3.55615]
[222.256, 319.002, 1.81623]
[218.539, 327.626, 0.675031]
[221.557, 336.973, 5.90297]
[232.651, 343.714, 1.16021]
[236.237, 341.288, 1.89255]
[226.249, 332.27, 4.14077]
[218.123, 305.031, 4.47715]
[209.608, 286.031, 4.10863]
[204.614, 281.143, 4.51604]
[184.729, 260.215, 3.89986]
[178.45, 247.242, 4.29351]
[176.174, 236.267, 1.88754]
[167.235, 246.535, 2.72148]
[170.794, 264.702, 1.00302]
[175.386, 269.857, 1.37445]
[180.889, 275.506, 2.11076]
[146.384, 287.658, 3.19068]
[93.3355, 288.313, 3.23977]
[87.8177, 289.317, 3.63247]
[79.2559, 288.998, 4.46695]
[73.111, 283.494, 5.25235]
[160.616, 271.342, 0.0490872]
[178.642, 278.499, 0.687224]
[185.757, 286.71, 5.0346]
[186.794, 274.083, 4.26524]
[186.461, 268.374, 3.81662]
[97.1425, 262.614, 3.33794]
[88.1209, 260.92, 4.23801]
[83.2184, 252.121, 5.42702]
[94.6221, 246.231, 0.0574481]
[131.616, 246.342, 0.0490872]
[140.697, 246.611, 6.16269]
[149.917, 244.794, 5.83603]
[159.535, 234.235, 5.1325]
[165.918, 226.099, 0.218211]
[175.805, 229.648, 1.17271]
[182.543, 240.762, 1.15133]
[192.765, 250.535, 0.420109]
[203.093, 252.603, 6.01098]
[210.887, 252.665, 5.36272]
[216.386, 209.143, 4.90874]
[217.283, 202.119, 5.15313]
[221.582, 194.035, 5.898]
[225.858, 193.445, 5.69414]
[243.663, 191.299, 6.18606]
[255.762, 188.457, 5.86372]
[262.887, 186.665, 5.36272]
[266.79, 170.01, 4.95433]
[278.745, 158.966, 6.13592]
[288.744, 148.002, 1.32536]
[287.99, 160.638, 5.67666]
[298.878, 151.16, 2.19926]
[294.256, 152.002, 1.81623]
[295.935, 159.255, 2.52532]
[287.261, 168.316, 2.33388]
[282.189, 183.653, 1.65963]
[282.52, 189.385, 1.91487]
[280.614, 198.857, 1.76715]
[281.397, 210.093, 1.29859]
[281.335, 217.887, 0.650329]
[294.857, 223.386, 0.196349]
[301.682, 224.476, 6.17282]
[310.596, 223.445, 5.60133]
[311.745, 216.966, 6.13592]
[319.255, 210.065, 0.954521]
[327.455, 219.732, 0.664904]
[335.628, 223.854, 0.394193]
[346.651, 240.714, 1.16021]
[353.543, 251.762, 1.15133]
[355.335, 258.887, 0.650329]
[385.857, 264.386, 0.196349]
[341.299, 294.796, 2.57399]
[339.142, 296.555, 2.55254]
[339.212, 336.623, 1.51196]
[339.24, 342.602, 1.58868]
[337.317, 344.182, 2.06167]
[305.057, 344.013, 3.36839]
[253.369, 341.085, 3.07328]
[238.945, 341.209, 2.20544]
[232.142, 344.555, 2.55254]
[228.641, 350.636, 3.65969]
[220.384, 343.342, 3.09251]
[209.614, 316.143, 4.51604]
[210.445, 310.142, 4.12334]
[209.998, 302.256, 3.38703]
[204.494, 296.111, 2.60163]
[192.342, 305.616, 1.52171]
[191.966, 308.745, 1.71806]
[189.342, 340.616, 1.52171]
[83.1425, 351.386, 2.94524]
[71.1338, 288.229, 4.55247]
[70.615, 284.328, 4.81593]
[72.6575, 268.384, 4.6633]
[75.889, 263.494, 4.17243]
[74.128, 250.38, 4.31969]
[69.5248, 247.475, 5.49779]
[73.5248, 243.475, 5.49779]
[85.0602, 235.046, 4.48199]
[84.872, 234.38, 5.10509]
[87.2708, 231.113, 5.15418]
[95.0168, 218.361, 4.63643]
[70.2203, 211.123, 5.42684]
[70.6077, 206.455, 6.24926]
[73.237, 208.018, 0.638136]
[94.8872, 216.915, 1.78796]
[94.6142, 223.857, 1.76715]
[95.5462, 238.827, 1.38664]
[105.998, 248.744, 2.89616]
[82.0949, 238.768, 3.5866]
[69.6152, 211.819, 0.987113]
[70.676, 205.295, 4.58699]
[94.7344, 216.322, 5.11623]
[96.7441, 217.002, 1.32536]
[99.1877, 224.905, 0.853124]
[131.616, 235.658, 6.2341]
[140.995, 235.954, 5.82276]
[153.658, 216.384, 4.6633]
[162.367, 206.468, 5.94324]
[164.237, 204.018, 0.638136]
[168.642, 207.499, 0.687224]
[176.616, 216.658, 6.2341]
[180.525, 216.525, 0.785398]
[184.96, 219.28, 0.927295]
[187.872, 227.62, 1.1781]
[189.555, 232.858, 0.981748]
[190.002, 240.744, 0.245437]
[195.506, 246.889, 5.74322]
[207.658, 205.384, 4.6633]
[208.034, 202.255, 4.85965]
[209.976, 160.364, 4.6395]
[250.783, 148.207, 6.11774]
[323.773, 147.148, 6.12223]
[333.744, 156.002, 1.32536]
[331.204, 166.65, 2.56102]
[333.386, 184.857, 1.37445]
[334.386, 185.143, 4.90874]
[336.272, 158.458, 2.23616]
[334.329, 168.497, 4.04166]
[330.501, 164.358, 4.02517]
[326.399, 153.167, 3.15407]
[315.501, 152.123, 2.60268]
[303.167, 154.601, 1.58328]
[302.499, 165.642, 0.883573]
[302.332, 173.439, 1.21499]
[300.633, 191.056, 0.0704901]
[316.174, 203.618, 4.05637]
[312.445, 200.404, 4.03053]
[306.38, 195.128, 3.53429]
[301.142, 193.445, 3.73064]
[293.256, 192.998, 4.46695]
[287.683, 187.818, 5.20326]
[300.214, 174.991, 0.303864]
[302.747, 175.02, 0.148308]
[313.553, 178.359, 1.23255]
[303.618, 193.878, 0.392241]
[308.858, 195.555, 0.589049]
[322.93, 203.957, 6.06066]
[325.237, 204.018, 0.638136]
[329.642, 207.499, 0.687224]
[333.002, 212.744, 0.245437]
[338.506, 218.889, 5.74322]
[350.953, 206.4, 4.71588]
[356.99, 197.21, 6.04124]
[388.946, 196.023, 6.0556]
[415.857, 195.614, 6.08684]
[427.817, 240.779, 1.40714]
[427.998, 250.744, 2.89616]
[422.494, 251.111, 2.60163]
[410.342, 269.616, 1.52171]
[408.111, 275.506, 1.03084]
[410.111, 280.506, 1.03084]
[414.386, 325.857, 1.37445]
[394.707, 335.746, 2.81851]
[389.142, 336.555, 2.55254]
[377.167, 339.601, 1.58328]
[367.143, 350.386, 2.94524]
[357.256, 347.998, 4.46695]
[357.445, 342.142, 4.12334]
[356.998, 334.256, 3.38703]
[351.494, 328.111, 2.60163]
[339.342, 331.616, 1.52171]
[339.45, 335.862, 2.1603]
[337.372, 344.86, 3.20584]
[331.494, 341.111, 2.60163]
[322.075, 340.643, 1.65108]
[328.763, 343.018, 2.50346]
[317.143, 348.386, 2.94524]
[312.494, 347.111, 2.60163]
[309.002, 349.758, 2.8972]
[306.153, 350.428, 3.72915]
[291.142, 335.445, 3.73064]
[278.065, 332.745, 5.66691]
[285.948, 326.88, 5.45406]
[290.939, 322.407, 5.09972]
[299.488, 312.349, 5.40066]
[305.852, 294.372, 5.10672]
[311.265, 284.111, 5.15463]
[312.708, 265.338, 4.80894]
[311.73, 255.166, 4.00285]
[300.206, 249.269, 3.31176]
[291.592, 248.418, 2.79262]
[284.745, 248.065, 2.18707]
[280.315, 254.718, 2.73641]
[261.455, 225.135, 4.12242]
[255.998, 217.256, 3.38703]
[246.299, 210.663, 1.66793]
[244.002, 220.744, 0.245437]
[255.878, 227.289, 0.440293]
[262.701, 239.663, 1.47367]
[268.098, 250.827, 3.35417]
[243.143, 250.614, 3.33794]
[231.907, 251.397, 2.86939]
[222.234, 257.428, 2.23249]
[216.614, 276.857, 1.76715]
[218.395, 287.365, 3.16882]
[201.308, 287.434, 3.02448]
[193.298, 288.796, 2.57395]
[185.558, 302.399, 1.9179]
[183.735, 307.889, 2.01304]
[180.614, 328.857, 1.76715]
[147.143, 339.386, 2.94524]
[137.595, 345.146, 4.51753]
[128.173, 326.019, 4.47335]
[119.952, 316.059, 3.61079]
[103.395, 315.635, 3.11437]
[94.4, 316, 3.14159]
[85.1301, 312.029, 4.47662]
[105.745, 300.966, 6.13592]
[162.745, 300.966, 6.13592]
[166.918, 299.901, 6.06497]
[164.445, 308.858, 2.15985]
[164.821, 314.689, 2.65118]
[152.959, 316.408, 3.39872]
[145.4, 316.613, 1.52603]
[152.002, 326.744, 0.245437]
[162.552, 322.747, 5.21441]
[151.143, 313.614, 3.33794]
[143.101, 310.813, 3.3531]
[129.047, 315.133, 2.41852]
[121.221, 319.815, 2.97783]
[110.149, 320.567, 2.55359]
[99.0076, 322.638, 1.64606]
[99.6099, 322.467, 2.79649]
[88.3402, 324.861, 2.57977]
[80.2559, 324.002, 1.81623]
[76.4077, 341.418, 0.348977]
[78.6645, 344.687, 0.0981747]
[86.9053, 346.812, 5.56551]
[90.745, 346.966, 6.13592]
[103.857, 347.614, 6.08684]
[121.812, 345.347, 4.80119]
[123.539, 338.924, 4.44509]
[102.574, 317.298, 4.01811]
[104.998, 310.256, 3.38703]

