calculation time: 3.99978s
[291.794, 173.221, 3.14679]
[285.795, 173.19, 3.14679]
[279.795, 173.159, 3.14679]
[277.795, 173.149, 3.14679]
[268.249, 179.922, 4.42306]
[267.635, 176.094, 4.47216]
[258.989, 156.162, 0.54516]
[263.465, 159.818, 0.250635]
[269.318, 160.49, 0.201548]
[275.318, 160.521, 0.201548]
[281.118, 161.852, 0.103373]
[284.066, 162.524, 0.0542857]
[293.521, 170.053, 5.01211]
[294.826, 164.38, 4.91394]
[295.479, 163.495, 4.86484]
[304.317, 154.176, 3.44132]
[298.317, 154.145, 3.44132]
[292.317, 154.114, 3.44132]
[288.317, 154.093, 3.44132]
[280.011, 159.85, 1.69173]
[285.41, 169.932, 2.90135]
[279.551, 170.544, 2.95044]
[277.737, 171.835, 3.04861]
[258.252, 178.776, 5.8466]
[263.38, 176.33, 6.04295]
[268.995, 173.103, 0.00519818]
[270.995, 173.113, 0.00519579]
[280.54, 166.34, 1.28147]
[282.435, 171.918, 1.42873]
[282.43, 172.918, 1.42872]
[290.92, 190.731, 3.4904]
[285.13, 190.077, 3.44132]
[279.13, 190.046, 3.44132]
[273.13, 190.014, 3.44132]
[267.309, 189.35, 3.39223]
[261.309, 189.319, 3.39223]
[255.309, 189.288, 3.39223]
[249.309, 189.257, 3.39223]
[243.309, 189.226, 3.39223]
[237.309, 189.194, 3.39223]
[231.309, 189.163, 3.39223]
[228.309, 189.148, 3.39223]
[219.253, 179.021, 1.87052]
[218.589, 184.843, 1.82143]
[223.038, 189.65, 2.38862]
[207.731, 205.674, 5.74842]
[212.245, 202.064, 6.04295]
[217.918, 200.151, 6.19021]
[223.918, 200.182, 6.19021]
[229.918, 200.214, 6.19021]
[235.918, 200.245, 6.19021]
[241.918, 200.276, 6.19021]
[247.918, 200.307, 6.19021]
[253.918, 200.338, 6.19021]
[259.917, 200.37, 6.19021]
[265.917, 200.401, 6.19021]
[270.917, 200.427, 6.19021]
[315.97, 206.367, 0.153506]
[334.997, 214.763, 3.63766]
[330.015, 212.31, 3.44132]
[295.997, 214.561, 3.63766]
[289.67, 215.1, 3.68675]
[285.015, 212.077, 3.44132]
[279.016, 212.045, 3.44132]
[273.016, 212.014, 3.44132]
[267.194, 211.35, 3.39223]
[261.194, 211.319, 3.39223]
[255.195, 211.288, 3.39223]
[249.195, 211.256, 3.39223]
[243.195, 211.225, 3.39223]
[237.195, 211.194, 3.39223]
[231.195, 211.163, 3.39223]
[225.195, 211.132, 3.39223]
[208.073, 202.061, 0.714284]
[211.395, 206.914, 0.299722]
[216.953, 208.867, 0.15246]
[222.869, 209.55, 0.103373]
[228.798, 210.894, 0.00519818]
[234.81, 211.583, 6.2393]
[240.855, 212.271, 6.19021]
[246.855, 212.302, 6.19021]
[252.855, 212.333, 6.19021]
[258.855, 212.364, 6.19021]
[264.855, 212.395, 6.19021]
[270.855, 212.427, 6.19021]
[302.181, 214.532, 6.04295]
[308.354, 215.198, 5.99386]
[313.931, 213.303, 6.14112]
[393.112, 206.019, 0.446984]
[399.112, 206.05, 0.446984]
[403.951, 209.839, 0.15246]
[409.867, 210.522, 0.103373]
[410.795, 211.841, 0.00518816]
[428.917, 219.917, 3.78493]
[423.47, 217.106, 3.71398]
[418.335, 212.324, 3.73584]
[412.184, 209.534, 3.7577]
[407.511, 206.172, 3.55738]
[402.416, 204.378, 3.57639]
[397.245, 202.026, 3.39223]
[394.245, 202.01, 3.39223]
[191.138, 231.652, 2.91742]
[185.339, 232.703, 2.99953]
[179.461, 233.981, 3.0977]
[173.474, 234.607, 3.14679]
[107.403, 235.577, 3.24497]
[102.32, 236.204, 3.29405]
[154.056, 234.289, 5.02224]
[154.166, 230.506, 5.55207]
[157.298, 225.413, 5.99386]
[162.985, 224.167, 6.09203]
[168.985, 224.198, 6.09203]
[169.985, 224.203, 6.09204]
[188.926, 228.004, 3.63766]
[184.27, 224.277, 3.34314]
[176.313, 226.924, 4.1504]
[173.027, 222.428, 4.42306]
[174.464, 220.43, 4.22672]
[174.293, 214.34, 3.58858]
[172.012, 212.489, 3.44132]
[286.974, 299.564, 0.512512]
[291.68, 302.823, 0.253422]
[297.531, 303.512, 0.20433]
[303.327, 304.859, 0.10616]
[309.273, 305.562, 0.0570728]
[315.252, 306.267, 0.00798577]
[321.252, 306.315, 0.00798529]
[327.251, 306.363, 0.00798577]
[333.251, 306.411, 0.00798529]
[339.251, 306.459, 0.00798052]
[345.251, 306.507, 0.00798577]
[351.262, 307.212, 6.24208]
[357.261, 307.26, 6.24208]
[363.261, 307.308, 6.24208]
[369.261, 307.356, 6.24208]
[375.261, 307.404, 6.24208]
[381.261, 307.452, 6.24208]
[387.26, 307.5, 6.24208]
[393.26, 307.548, 6.24208]
[398.303, 308.244, 6.19299]
[407.705, 313.829, 5.01489]
[408.385, 308.009, 4.96581]
[408.393, 307.01, 4.96579]
[416.452, 302.058, 3.78771]
[412.725, 297.301, 3.39502]
[407.078, 295.314, 3.24775]
[401.078, 295.266, 3.24775]
[395.078, 295.218, 3.24775]
[389.078, 295.17, 3.24775]
[383.078, 295.122, 3.24775]
[377.079, 295.074, 3.24775]
[371.079, 295.026, 3.24775]
[365.133, 294.323, 3.19866]
[359.133, 294.275, 3.19867]
[353.133, 294.227, 3.19867]
[347.133, 294.179, 3.19867]
[341.133, 294.131, 3.19867]
[335.134, 294.083, 3.19867]
[329.134, 294.035, 3.19867]
[323.08, 294.643, 3.24775]
[318.08, 294.603, 3.24776]
[308.591, 300.037, 4.42585]
[308.004, 294.208, 4.47493]
[308.012, 293.208, 4.47495]
[300.033, 288.128, 5.65303]
[304.006, 284.067, 5.99665]
[309.835, 283.479, 6.04573]
[315.835, 283.527, 6.04573]
[321.835, 283.575, 6.04573]
[327.835, 283.623, 6.04573]
[333.695, 283.028, 6.09482]
[339.695, 283.076, 6.09482]
[345.695, 283.124, 6.09482]
[351.695, 283.172, 6.09482]
[357.695, 283.22, 6.09482]
[363.694, 283.268, 6.09482]
[369.694, 283.316, 6.09482]
[375.694, 283.363, 6.09482]
[381.694, 283.411, 6.09482]
[387.694, 283.459, 6.09482]
[391.694, 283.491, 6.09482]
[400.912, 287.774, 5.0149]
[402.88, 282.221, 4.86763]
[403.54, 281.307, 4.81856]
[410.042, 275.468, 3.73863]
[406.082, 270.606, 3.34593]
[400.082, 270.558, 3.34593]
[394.082, 270.51, 3.34593]
[388.082, 270.462, 3.34592]
[382.083, 270.414, 3.34593]
[376.083, 270.366, 3.34593]
[370.083, 270.318, 3.34592]
[364.083, 270.27, 3.34593]
[358.083, 270.222, 3.34593]
[352.084, 270.175, 3.34593]
[351.084, 270.167, 3.34597]
[203.063, 275.462, 2.97435]
[183.047, 273.768, 0.299722]
[188.869, 274.432, 0.250635]
[194.868, 274.463, 0.250635]
[200.868, 274.494, 0.250635]
[206.868, 274.525, 0.250635]
[207.605, 275.819, 0.152481]
[224.825, 268.876, 2.41048]
[221.693, 273.969, 2.85227]
[216.115, 275.863, 2.99953]
[210.192, 276.485, 3.04862]
[204.192, 276.454, 3.04862]
[198.192, 276.423, 3.04862]
[197.192, 276.418, 3.04864]
[187.142, 270.68, 1.82143]
[187.111, 276.68, 1.82143]
[187.106, 277.68, 1.82144]
[176.538, 288.658, 0.15246]
[182.402, 289.997, 0.0542857]
[188.382, 290.685, 0.00519818]
[194.395, 291.374, 6.2393]
[200.395, 291.405, 6.2393]
[206.395, 291.437, 6.2393]
[207.395, 291.442, 6.23932]
[216.928, 284.011, 1.28147]
[217.531, 289.839, 1.33056]
[218.817, 290.589, 1.42874]
[226.798, 309.615, 3.58858]
[199.858, 298.016, 2.705]
[193.858, 297.985, 2.705]
[188.558, 299.797, 2.85227]
[183.057, 302.345, 3.04862]
[177.102, 302.97, 3.0977]
[171.115, 303.596, 3.14679]
[165.096, 304.222, 3.19588]
[159.096, 304.191, 3.19588]
[153.096, 304.16, 3.19588]
[147.096, 304.129, 3.19588]
[141.096, 304.097, 3.19588]
[135.096, 304.066, 3.19588]
[129.096, 304.035, 3.19588]
[123.096, 304.004, 3.19588]
[117.045, 304.628, 3.24497]
[111.045, 304.597, 3.24497]
[105.045, 304.566, 3.24497]
[99.0448, 304.535, 3.24497]
[93.0449, 304.504, 3.24497]
[88.0449, 304.478, 3.24497]
[168.34, 304.674, 0.0729749]
[188.97, 303.723, 2.99953]
[183.047, 304.345, 3.04862]
[177.092, 304.969, 3.0977]
[171.105, 305.596, 3.14679]
[165.085, 306.222, 3.19588]
[159.085, 306.191, 3.19588]
[153.085, 306.16, 3.19588]
[147.086, 306.129, 3.19588]
[141.086, 306.097, 3.19588]
[135.086, 306.066, 3.19588]
[129.086, 306.035, 3.19588]
[123.086, 306.004, 3.19588]
[117.034, 306.628, 3.24497]
[111.034, 306.597, 3.24497]
[105.034, 306.566, 3.24497]
[99.0344, 306.535, 3.24497]
[93.0345, 306.503, 3.24497]
[88.0345, 306.478, 3.24497]
[69.5257, 312.513, 5.69934]
[73.6907, 308.345, 6.04295]
[79.6906, 308.377, 6.04295]
[85.6906, 308.408, 6.04295]
[91.6905, 308.439, 6.04295]
[97.6904, 308.47, 6.04295]
[103.69, 308.501, 6.04295]
[109.862, 309.167, 5.99386]
[115.862, 309.199, 5.99386]
[121.862, 309.23, 5.99386]
[127.862, 309.261, 5.99386]
[133.862, 309.292, 5.99386]
[139.862, 309.323, 5.99386]
[145.862, 309.355, 5.99386]
[151.862, 309.386, 5.99386]
[157.862, 309.417, 5.99386]
[163.862, 309.448, 5.99386]
[169.862, 309.479, 5.99386]
[174.861, 309.505, 5.99386]
[186.764, 298.316, 1.65231]
[187.559, 304.588, 1.79023]
[188.593, 305.864, 1.87052]
[191.48, 314.812, 2.85227]
[186.037, 318.674, 3.14679]
[180.018, 319.3, 3.19588]
[174.018, 319.269, 3.19588]
[168.018, 319.238, 3.19588]
[162.018, 319.206, 3.19588]
[156.018, 319.175, 3.19588]
[150.018, 319.144, 3.19588]
[144.018, 319.113, 3.19588]
[107.038, 318.263, 3.14679]
[101.038, 318.232, 3.14679]
[95.0382, 318.201, 3.14679]
[89.0383, 318.169, 3.14679]
[88.0383, 318.164, 3.14678]
[69.5356, 310.623, 0.594247]
[73.657, 314.833, 0.250635]
[79.5095, 315.506, 0.201548]
[85.2518, 316.514, 6.26116]
[91.3064, 317.495, 6.19021]
[97.3063, 317.526, 6.19021]
[103.383, 318.21, 6.14112]
[109.383, 318.241, 6.14112]
[115.821, 316.432, 0.298675]
[124.773, 313.532, 1.28147]
[127.982, 317.988, 1.52691]
[123.113, 324.458, 0.54516]
[127.767, 327.481, 0.299722]
[133.767, 327.512, 0.299722]
[139.441, 328.817, 0.201548]
[145.325, 329.496, 0.15246]
[151.325, 329.527, 0.15246]
[157.189, 330.866, 0.0542857]
[163.17, 331.555, 0.00519818]
[169.182, 332.244, 6.2393]
[171.182, 332.254, 6.2393]
[180.715, 324.823, 1.28147]
[181.977, 327.51, 1.37964]
[188.925, 332.188, 2.45957]
[185.366, 336.781, 2.85227]
[179.538, 337.384, 2.90135]
[173.679, 337.995, 2.95044]
[167.788, 338.613, 2.99953]
[161.91, 339.891, 3.0977]
[155.923, 340.517, 3.14679]
[149.904, 341.144, 3.19588]
[143.904, 341.112, 3.19588]
[141.904, 341.102, 3.19588]
[207.804, 316.306, 5.25381]
[225.063, 310.004, 3.5395]
[207.252, 297.895, 0.54516]
[207.907, 300.897, 0.299728]
[216.855, 298.011, 1.28147]
[217.459, 303.838, 1.33056]
[220.144, 309.927, 1.3087]
[217.632, 317.893, 0.464873]
[222.808, 319.975, 0.299722]
[228.629, 320.639, 0.250635]
[234.366, 321.959, 0.15246]
[240.282, 322.642, 0.103373]
[246.21, 323.987, 0.00519818]
[252.21, 324.018, 0.00519818]
[258.21, 324.049, 0.00519818]
[264.21, 324.08, 0.00519818]
[270.21, 324.111, 0.00519818]
[276.21, 324.142, 0.00519818]
[282.21, 324.174, 0.00519818]
[288.21, 324.205, 0.00519818]
[294.21, 324.236, 0.00519818]
[300.209, 324.267, 0.00519818]
[306.209, 324.298, 0.00519818]
[312.209, 324.33, 0.00519818]
[318.209, 324.361, 0.00519818]
[324.209, 324.392, 0.00519818]
[330.209, 324.423, 0.00519818]
[336.209, 324.454, 0.00519818]
[342.209, 324.486, 0.00519818]
[348.209, 324.517, 0.00519818]
[354.221, 325.206, 6.2393]
[360.221, 325.237, 6.2393]
[366.221, 325.268, 6.2393]
[372.221, 325.299, 6.2393]
[378.221, 325.33, 6.2393]
[384.221, 325.361, 6.2393]
[390.221, 325.393, 6.2393]
[396.984, 325.271, 5.94582]
[399.789, 325.102, 5.7975]
[415.953, 327.37, 3.83401]
[412.621, 322.107, 3.39223]
[407.02, 319.48, 3.19588]
[401.02, 319.449, 3.19588]
[395.02, 319.417, 3.19588]
[389.02, 319.386, 3.19588]
[383.02, 319.355, 3.19588]
[377.02, 319.324, 3.19588]
[371.02, 319.293, 3.19588]
[365.02, 319.262, 3.19588]
[359.02, 319.23, 3.19588]
[353.02, 319.199, 3.19588]
[347.02, 319.168, 3.19588]
[341.021, 319.137, 3.19588]
[335.021, 319.106, 3.19588]
[329.021, 319.074, 3.19588]
[323.021, 319.043, 3.19588]
[317.021, 319.012, 3.19588]
[311.04, 318.323, 3.14679]
[305.041, 318.292, 3.14679]
[236.022, 318.591, 3.19588]
[230.022, 318.56, 3.19588]
[226.022, 318.539, 3.19588]
[216.567, 311.009, 1.87052]
[215.262, 316.683, 1.77234]
[215.257, 317.683, 1.77235]
[208.26, 322.288, 0.692422]
[211.771, 326.918, 0.299722]
[217.593, 327.582, 0.250635]
[223.329, 328.901, 0.15246]
[229.245, 329.585, 0.103373]
[235.174, 330.929, 0.00519818]
[241.187, 331.618, 6.2393]
[247.231, 332.305, 6.19021]
[253.231, 332.337, 6.19021]
[259.231, 332.368, 6.19021]
[265.231, 332.399, 6.19021]
[271.231, 332.43, 6.19021]
[277.231, 332.461, 6.19021]
[283.231, 332.492, 6.19021]
[289.231, 332.524, 6.19021]
[295.308, 333.208, 6.14112]
[301.308, 333.239, 6.14112]
[307.308, 333.27, 6.14112]
[313.308, 333.302, 6.14112]
[319.308, 333.333, 6.14112]
[346.244, 330.193, 0.103373]
[352.244, 330.224, 0.103373]
[358.192, 330.911, 0.0542857]
[364.172, 331.6, 0.00519818]
[370.185, 332.289, 6.2393]
[376.185, 332.32, 6.2393]
[382.185, 332.351, 6.2393]
[388.185, 332.382, 6.2393]
[394.185, 332.413, 6.2393]
[398.184, 332.434, 6.23929]
[415.974, 323.368, 2.45957]
[412.415, 327.961, 2.85227]
[406.587, 328.564, 2.90135]
[400.837, 329.824, 2.99953]
[394.914, 330.446, 3.04862]
[388.914, 330.415, 3.04862]
[382.914, 330.384, 3.04862]
[376.974, 330.906, 3.16468]
[370.388, 331.949, 3.63766]
[365.406, 329.496, 3.44132]
[359.406, 329.465, 3.44132]
[353.406, 329.434, 3.44132]
[347.406, 329.402, 3.44132]
[341.406, 329.371, 3.44132]
[335.428, 324.134, 2.65592]
[330.081, 328.534, 2.60683]
[325.231, 332.281, 2.49617]
[318.462, 331.539, 1.87052]
[321.348, 340.487, 2.85227]
[315.348, 340.456, 2.85227]
[314.348, 340.451, 2.85226]
[147.92, 340.716, 3.16475]
[127.136, 341.025, 6.2393]
[133.136, 341.056, 6.2393]
[139.136, 341.088, 6.2393]
[145.136, 341.119, 6.2393]
[151.136, 341.15, 6.2393]
[157.136, 341.181, 6.2393]
[163.136, 341.212, 6.2393]
[169.136, 341.244, 6.2393]
[171.136, 341.254, 6.2393]
[188.837, 349.189, 3.83401]
[185.325, 344.56, 3.44132]
[179.326, 344.529, 3.44132]
[173.326, 344.498, 3.44132]
[167.326, 344.467, 3.44132]
[161.326, 344.435, 3.44132]
[155.326, 344.404, 3.44132]
[149.326, 344.373, 3.44132]
[143.326, 344.342, 3.44132]
[141.326, 344.331, 3.44132]
[132.449, 333.572, 1.87052]
[132.438, 335.572, 1.87052]
[121.353, 345.724, 0.201548]
[127.237, 346.402, 0.15246]
[133.237, 346.433, 0.15246]
[139.237, 346.465, 0.15246]
[145.237, 346.496, 0.15246]
[151.237, 346.527, 0.15246]
[157.101, 347.866, 0.0542857]
[163.081, 348.555, 0.00519818]
[169.094, 349.243, 6.2393]
[170.094, 349.249, 6.23929]
[354.795, 344.061, 5.78112]
[373.344, 341.537, 3.44132]
[372.344, 341.532, 3.44131]
[354.737, 345.533, 5.65025]
[358.698, 341.461, 5.99386]
[359.698, 341.467, 5.99385]
[368.687, 330.8, 1.28147]
[370.895, 334.251, 1.52645]
[377.018, 340.778, 2.60683]
[373.332, 343.758, 2.85227]

