calculation time: 8.31301s
[210.051, 164.119, 5.01211]
[213.164, 155.202, 5.99386]
[225.992, 154.635, 6.04295]
[242.851, 154.081, 6.09203]
[257.851, 154.159, 6.09203]
[266.185, 152.271, 0.496073]
[281.955, 161.741, 0.839683]
[289.446, 189.708, 0.0800192]
[300.749, 194.886, 0.729813]
[309.625, 199.471, 1.01463]
[320.684, 213.943, 0.839685]
[332.682, 227.936, 0.741507]
[346.07, 240.529, 0.790597]
[359.981, 252.719, 0.888771]
[372.914, 265.786, 0.888772]
[385.846, 278.853, 0.88877]
[398.778, 291.921, 0.888772]
[405.678, 304.983, 0.885704]
[410.901, 315.344, 1.33056]
[413.455, 323.972, 1.52691]
[416.424, 325.744, 2.34517]
[407.21, 330.978, 3.34621]
[391.04, 324.238, 3.8831]
[378.107, 311.171, 3.8831]
[365.175, 298.103, 3.8831]
[352.243, 285.036, 3.8831]
[338.855, 272.443, 3.93219]
[325.922, 259.375, 3.93219]
[312.011, 247.186, 4.03036]
[299.079, 234.118, 4.03036]
[286.147, 221.051, 4.03036]
[274.193, 207.106, 3.93219]
[261.261, 194.038, 3.93219]
[249.16, 186.033, 3.83708]
[237.019, 160.007, 3.74719]
[226.015, 155.245, 2.91073]
[216.227, 158.33, 1.82143]
[214.219, 170.983, 1.67417]
[214.151, 183.983, 1.67417]
[214.083, 196.982, 1.67417]
[214.016, 209.982, 1.67417]
[213.293, 222.93, 1.62508]
[213.225, 235.93, 1.62508]
[213.157, 248.93, 1.62508]
[213.09, 261.93, 1.62508]
[213.022, 274.93, 1.62508]
[213.61, 287.981, 1.67417]
[213.543, 300.981, 1.67417]
[213.475, 313.981, 1.67417]
[213.408, 326.981, 1.67417]
[215.864, 338.604, 0.714284]
[224.972, 343.478, 6.05483]
[239.912, 334.899, 5.69934]
[252.971, 328, 5.69627]
[269.972, 323.224, 6.09203]
[278.307, 321.337, 0.496073]
[291.921, 333.28, 0.594246]
[304.551, 340.866, 0.548227]
[315.875, 343.503, 6.08897]
[330.91, 335.372, 5.69934]
[344.756, 323.5, 5.60116]
[354.893, 317.018, 6.14112]
[369.987, 320.685, 0.594246]
[382.974, 327.719, 0.597313]
[393.942, 330.909, 6.08897]
[403.834, 328.304, 4.96302]
[407.811, 314.125, 5.21153]
[410.964, 303.341, 4.96302]
[411.463, 289.08, 4.4012]
[402.354, 274.06, 4.07945]
[390.227, 264.161, 3.77977]
[395.11, 205.916, 3.19588]
[392.869, 205.692, 3.73584]
[382.011, 200.157, 3.29405]
[369.011, 200.089, 3.29405]
[353.162, 208.655, 2.47057]
[350.67, 213.265, 2.21413]
[349.308, 225.203, 1.08512]
[354.974, 244.979, 0.977567]
[369.704, 256.7, 0.50545]
[384.934, 266.732, 0.790596]
[397.867, 279.799, 0.790598]
[400.603, 290.471, 2.06687]
[394.24, 299, 2.90135]
[380.078, 295.499, 3.63766]
[366.082, 284.091, 3.78493]
[353.15, 271.024, 3.78493]
[339.378, 258.969, 3.8831]
[325.011, 247.253, 4.03036]
[312.079, 234.186, 4.03036]
[296.393, 223.173, 3.64704]
[284.133, 209.44, 4.21733]
[281.023, 197.664, 4.47215]
[278.49, 185.036, 4.6685]
[284.021, 170.175, 5.25755]
[295.483, 156.099, 5.40481]
[303.881, 148.398, 6.09203]
[316.881, 148.466, 6.09203]
[326.146, 146.077, 1.28147]
[327.814, 152.893, 1.33592]
[318.241, 203.97, 0.545158]
[323.58, 212.394, 2.11596]
[316.789, 219.507, 3.34621]
[288.878, 210.983, 4.85385]
[295.298, 199.017, 3.81261]
[289.484, 181.175, 5.39214]
[296.618, 166.082, 4.81576]
[297.867, 157.246, 4.17762]
[290.84, 149.606, 3.44132]
[276.15, 151.195, 2.55774]
[268.226, 158.6, 1.82143]
[268.159, 171.6, 1.82143]
[258.146, 185.729, 2.06687]
[249.103, 201.999, 2.45957]
[236.035, 214.931, 2.45957]
[229.522, 223.575, 1.87052]
[226.225, 235.998, 1.62508]
[226.157, 248.997, 1.62508]
[226.09, 261.997, 1.62508]
[225.365, 274.978, 1.57599]
[225.297, 287.977, 1.57599]
[225.229, 300.977, 1.57599]
[225.162, 313.977, 1.57599]
[225.094, 326.977, 1.57599]
[226.242, 333.7, 5.79751]
[233.964, 329.207, 5.57347]
[238.285, 324.335, 5.99386]
[250.971, 324.857, 0.204615]
[265.921, 333.144, 0.594246]
[276.773, 336.487, 6.1505]
[290.966, 333.486, 5.84353]
[304.978, 322.237, 5.69933]
[318.824, 310.365, 5.60116]
[332.769, 298.411, 5.50299]
[335.616, 287.768, 4.22671]
[323.816, 274.031, 4.12854]
[311.944, 260.186, 4.03036]
[299.011, 247.118, 4.03036]
[286.079, 234.051, 4.03036]
[274.126, 220.105, 3.93219]
[264.503, 214.47, 3.44131]
[250.162, 216.617, 2.60683]
[242.522, 223.643, 1.87052]
[242.454, 236.643, 1.87052]
[239.09, 244.769, 2.08827]
[239.658, 252.562, 0.299721]
[251.94, 257.726, 0.37067]
[265.957, 262.664, 0.548227]
[274.59, 265.743, 0.299725]
[305.597, 262.571, 1.73841]
[310.039, 277, 1.08512]
[313.68, 288.694, 1.37964]
[321.772, 303.737, 0.986947]
[325.903, 314.902, 1.33056]
[332.995, 326.901, 1.34244]
[355.05, 335.264, 1.2726]
[355.005, 344.796, 0.250635]
[361.942, 347.044, 0.234408]
[371.097, 347.959, 5.01211]
[374.919, 339.649, 4.17762]
[367.893, 332.009, 3.44132]
[352.04, 324.036, 3.8831]
[345.414, 315, 4.47215]
[336.68, 300.098, 4.12854]
[324.808, 286.253, 4.03037]
[316.397, 268.279, 4.16825]
[302.221, 256.204, 3.64704]
[290.3, 253.605, 3.44132]
[277.3, 253.537, 3.44132]
[264.3, 253.469, 3.44131]
[255.388, 249.356, 4.42306]
[255.456, 236.356, 4.42306]
[251.789, 227.404, 5.99386]
[265.78, 230.27, 0.496072]
[277.408, 232.758, 2.85227]
[271.242, 237.798, 1.08512]
[276.534, 245.88, 0.937858]
[284.693, 251.387, 2.14364]
[269.123, 261.522, 2.49928]
[262.277, 270.746, 1.87052]
[264.004, 270.194, 6.2424]
[273.993, 269.63, 0.00520008]
[299.941, 275.809, 1.31789]
[300.681, 288.627, 1.37964]
[301.915, 301.44, 1.47782]
[309.836, 315.999, 1.08512]
[312.835, 327.834, 1.33056]
[307.717, 339.723, 2.49928]
[299.033, 344.662, 3.97821]
[288.171, 335.184, 3.73891]
[275.875, 334.324, 2.65592]
[264.18, 337.966, 2.95044]
[251.29, 338.547, 2.99953]
[238.412, 339.789, 3.0977]
[225.425, 340.379, 3.14679]
[215.281, 340.324, 4.47215]
[215.348, 327.325, 4.47215]
[208.315, 305.118, 3.97028]
[196.15, 297.255, 3.88617]
[186.098, 292.063, 3.44131]
[173.277, 291.363, 3.39223]
[160.277, 291.295, 3.39223]
[153.023, 289.838, 2.83086]
[145.2, 293.211, 2.53006]
[131.137, 304.889, 2.41048]
[118.073, 311.791, 2.40741]
[107.003, 320.557, 2.6653]
[76.0652, 332.202, 1.57599]
[76.0045, 334.236, 1.64695]
[73.8408, 341.972, 0.919975]
[81.9775, 349.377, 0.250634]
[94.9774, 349.445, 0.250634]
[107.977, 349.512, 0.250637]
[120.714, 350.868, 0.152459]
[133.63, 351.588, 0.103372]
[146.558, 352.969, 0.00519961]
[159.558, 353.036, 0.00519722]
[172.558, 353.104, 0.00519722]
[181.445, 352.767, 5.0612]
[182.769, 340.155, 4.96302]
[183.478, 327.303, 4.91394]
[183.545, 314.303, 4.91394]
[191.793, 299.345, 5.30664]
[195.407, 288.045, 5.01211]
[195.474, 275.045, 5.01211]
[195.542, 262.045, 5.01211]
[192.821, 248.026, 4.22671]
[181.02, 234.288, 4.12854]
[168.088, 221.221, 4.12854]
[166.683, 213.328, 3.39223]
[157.59, 210.201, 1.87052]
[154.407, 224.45, 2.10658]
[142.001, 237.802, 2.16504]
[130.482, 251.955, 2.31231]
[119.175, 260.81, 2.50559]
[108.239, 264.879, 2.85227]
[95.4109, 265.446, 2.90135]
[87.2169, 267.976, 3.63767]
[79.354, 255.441, 4.42306]
[80.7913, 253.443, 4.22672]
[83.8505, 239.191, 5.07582]
[86.3805, 232.394, 5.47471]
[96.7821, 229.392, 0.496072]
[110.778, 240.799, 0.643334]
[123.71, 253.866, 0.643334]
[135.959, 261.988, 0.548227]
[147.413, 265.716, 0.250637]
[165.995, 269.069, 0.0051977]
[174.901, 269.004, 5.74842]
[183.816, 262.304, 4.91394]
[180.953, 247.288, 4.12854]
[168.02, 234.221, 4.12854]
[167.323, 221.893, 5.20846]
[174.55, 217.383, 0.446984]
[179.944, 224.323, 2.06687]
[168.001, 237.937, 2.16504]
[155.986, 251.658, 2.26322]
[145.175, 260.945, 2.50559]
[133.613, 288.633, 2.74274]
[121.06, 296.906, 2.8492]
[107.012, 307.446, 2.65592]
[88.2149, 314.823, 2.69563]
[81.1016, 314.619, 2.03567]
[77.0618, 326.352, 1.72326]
[75.3516, 333.98, 4.77017]
[75.678, 326.987, 4.67387]
[76.4735, 313.94, 4.61941]
[76.5411, 300.94, 4.61941]
[77.2307, 293.863, 4.57032]
[75.3763, 273.026, 5.26693]
[86.9449, 259.016, 5.40481]
[95.6562, 252.593, 5.99386]
[109.716, 242.093, 5.79751]
[121.551, 239.093, 6.04295]
[135.714, 242.594, 0.496072]
[150.549, 252.989, 0.741509]
[160.45, 258.784, 0.250634]
[174.905, 268.226, 0.545159]
[179.674, 276.322, 2.06687]
[167.731, 289.936, 2.16504]
[155.715, 303.658, 2.26322]
[144.069, 317.957, 2.41048]
[134.051, 334.475, 2.12533]
[122.007, 345.828, 5.82519]
[135.913, 334.358, 5.69933]
[149.758, 322.486, 5.60116]
[163.704, 310.533, 5.50299]
[169.972, 301.091, 1.33056]
[170.547, 313.951, 1.37964]
[171.781, 326.764, 1.47782]
[172.869, 336.216, 2.85227]
[160.041, 336.783, 2.90136]
[153.145, 338.496, 5.25755]
[153.99, 325.501, 4.17763]
[147.142, 317.227, 3.39223]
[133.014, 307.215, 3.63766]
[120.081, 294.147, 3.63767]
[108.278, 291.025, 3.39223]
[95.0995, 291.59, 3.44131]
[86.8092, 288.041, 1.91961]
[86.1182, 300.831, 1.87052]
[83.3787, 306.957, 5.79751]
[96.3767, 307.391, 0.496071]
[114.821, 315.56, 0.407277]
[122.632, 320.733, 5.74842]
[136.826, 309.419, 5.60116]
[150.772, 297.465, 5.50299]
[166.129, 271.036, 6.14112]
[174.901, 269.004, 5.74842]
[179.754, 260.958, 4.22671]
[169.513, 246.016, 3.98128]
[161.055, 234.161, 4.12547]
[156.247, 223.16, 4.52124]
[153.753, 221.498, 5.25755]
[160.686, 213.296, 6.04295]
[174.849, 216.797, 0.496072]
[182.743, 223.332, 1.28147]
[184.601, 235.91, 1.42873]
[185.843, 248.788, 1.52691]
[186.433, 261.775, 1.57599]
[186.365, 274.775, 1.57599]
[186.298, 287.775, 1.57599]
[186.23, 300.774, 1.57599]
[186.162, 313.774, 1.57599]
[186.095, 326.774, 1.57599]
[186.027, 339.774, 1.57599]
[185.973, 349.918, 2.90135]
[173.114, 350.493, 2.95044]
[160.114, 350.425, 2.95044]
[147.114, 350.358, 2.95044]
[134.224, 350.939, 2.99953]
[121.301, 351.524, 3.04862]
[110.233, 351.175, 3.56117]
[88.4012, 325.975, 3.55415]
[80.1588, 326.031, 4.33025]
[79.0526, 313.44, 4.42306]
[79.1201, 300.441, 4.42306]
[75.3399, 280.026, 5.26693]
[85.9365, 271.157, 5.49992]
[95.5887, 265.593, 5.99386]
[108.275, 266.114, 0.204617]
[127.852, 288.888, 0.386162]
[136.914, 292.417, 0.692421]
[150.735, 304.515, 0.790597]
[163.667, 317.582, 0.790596]
[176.599, 330.65, 0.790596]
[182.769, 340.159, 1.33056]
[185.973, 349.918, 2.90135]
[173.114, 350.493, 2.95044]
[160.114, 350.425, 2.95044]
[147.114, 350.358, 2.95044]
[134.224, 350.939, 2.99953]
[121.301, 351.524, 3.04862]
[108.359, 352.77, 3.14679]
[95.3393, 353.36, 3.19588]
[87.1703, 353.172, 3.57069]
[78.215, 352.612, 4.47215]
[76.3384, 339.939, 4.61941]
[76.406, 326.939, 4.61941]
[76.4735, 313.94, 4.61941]
[76.5411, 300.94, 4.61941]
[77.2307, 293.863, 4.57032]
[75.3763, 273.026, 5.26693]
[78.5432, 261.437, 5.01211]
[81.9071, 253.311, 5.22986]
[87.2351, 246.197, 5.38341]
[91.6782, 235.505, 5.01211]
[94.9751, 223.083, 4.76667]
[97.1469, 216.334, 2.26113]
[94.9163, 214.841, 2.06046]
[90.2207, 223.415, 1.16039]
[100.573, 237.965, 0.937859]
[112.484, 251.862, 0.839684]
[122.959, 261.921, 0.548226]
[133.916, 288.707, 6.22829]
[148.771, 294.091, 0.54516]
[162.847, 305.552, 0.692421]
[175.779, 318.619, 0.69242]
[182.837, 327.159, 1.33056]
[184.714, 339.832, 1.47782]
[185.973, 349.918, 2.90135]
[173.114, 350.493, 2.95044]
[160.114, 350.425, 2.95044]
[147.114, 350.358, 2.95044]
[134.224, 350.939, 2.99953]
[121.301, 351.524, 3.04862]
[108.359, 352.77, 3.14679]
[95.3393, 353.36, 3.19588]
[87.1703, 353.172, 3.57069]
[78.215, 352.612, 4.47215]
[76.3384, 339.939, 4.61941]
[76.406, 326.939, 4.61941]
[76.4735, 313.94, 4.61941]
[76.5411, 300.94, 4.61941]
[77.2307, 293.863, 4.57032]
[75.3625, 274.998, 4.71759]
[75.4613, 255.998, 4.71759]
[80.7913, 253.443, 4.22672]
[83.8505, 239.191, 5.07582]
[86.3805, 232.394, 5.47471]
[91.7458, 222.505, 5.01211]
[95.5386, 215.194, 2.11386]
[84.6413, 232.793, 2.4251]
[84.5814, 232.716, 2.31231]
[73.2798, 238.911, 0.811999]
[86.4847, 251.727, 0.839684]
[96.9591, 261.786, 0.548227]
[108.593, 264.881, 0.299724]
[120.995, 268.835, 0.00519722]
[133.995, 268.902, 0.00519722]
[146.995, 268.97, 0.00519961]
[165.995, 269.069, 0.0051977]
[174.406, 269.125, 0.468385]
[188.981, 279.688, 0.692423]
[201.914, 292.755, 0.692421]
[214.846, 305.822, 0.692421]
[227.778, 318.89, 0.692421]
[240.71, 331.957, 0.692422]
[250.895, 337.897, 0.201547]
[265.911, 335.034, 5.69933]
[279.757, 323.162, 5.60116]
[286.903, 314.696, 4.96303]
[294.739, 299.097, 5.40481]
[307.807, 286.165, 5.40481]
[320.874, 273.232, 5.40481]
[333.942, 260.3, 5.40481]
[343.971, 256.105, 0.545159]
[358.935, 266.596, 0.790598]
[371.867, 279.664, 0.790597]
[384.799, 292.731, 0.790594]
[390.969, 302.24, 1.33056]
[388.039, 316.73, 2.11596]
[376.577, 330.806, 2.26322]
[368.038, 337.864, 2.90136]
[345.113, 330.103, 2.3158]
[339.471, 332.526, 2.46493]
[329.039, 337.661, 2.90136]
[316.289, 338.885, 2.99953]
[303.067, 337.916, 3.38285]
[290.063, 331.01, 3.3953]
[276.194, 326.409, 3.59164]
[264.257, 323.195, 3.34314]
[257.257, 323.158, 3.34314]
[237.177, 320.306, 3.59993]
[225.141, 317.633, 3.39223]
[209.24, 304.183, 3.8721]
[196.15, 297.255, 3.88617]
[186.098, 292.063, 3.44131]
[173.277, 291.363, 3.39223]
[160.277, 291.295, 3.39223]
[153.023, 289.838, 2.83086]
[145.2, 293.211, 2.53006]
[131.137, 304.889, 2.41048]
[118.073, 311.791, 2.40741]
[107.003, 320.557, 2.6653]
[76.0652, 332.202, 1.57599]
[76.0045, 334.236, 1.64695]
[73.8408, 341.972, 0.919975]
[81.9775, 349.377, 0.250634]
[94.9774, 349.445, 0.250634]
[107.977, 349.512, 0.250637]
[120.714, 350.868, 0.152459]
[133.63, 351.588, 0.103372]
[146.558, 352.969, 0.00519961]
[159.558, 353.036, 0.00519722]
[172.558, 353.104, 0.00519722]
[181.445, 352.767, 5.0612]
[182.769, 340.155, 4.96302]
[183.478, 327.303, 4.91394]
[183.545, 314.303, 4.91394]
[184.913, 301.503, 4.81576]
[185.636, 288.555, 4.76667]
[186.361, 275.575, 4.71759]
[186.429, 262.575, 4.71759]
[186.496, 249.575, 4.71759]
[186.564, 236.575, 4.71759]
[181.088, 221.288, 4.12854]
[173.683, 213.364, 3.39223]
[167.03, 211.387, 3.24497]
[157.59, 210.201, 1.87052]
[154.407, 224.45, 2.10658]
[142.001, 237.802, 2.16504]
[130.482, 251.955, 2.31231]
[119.175, 260.81, 2.50559]
[108.695, 287.919, 3.15779]
[94.0798, 294.379, 2.65592]
[84.2425, 303.743, 2.31537]
[79.0507, 313.794, 1.87052]
[77.0618, 326.352, 1.72326]
[76.3679, 334.268, 1.67417]
[73.8408, 341.972, 0.919975]
[81.9775, 349.377, 0.250634]
[94.9774, 349.445, 0.250634]
[107.977, 349.512, 0.250637]
[120.714, 350.868, 0.152459]
[133.63, 351.588, 0.103372]
[146.558, 352.969, 0.00519961]
[159.558, 353.036, 0.00519722]
[172.558, 353.104, 0.00519722]
[181.445, 352.767, 5.0612]
[182.769, 340.155, 4.96302]
[183.478, 327.303, 4.91394]
[183.545, 314.303, 4.91394]
[184.913, 301.503, 4.81576]
[185.636, 288.555, 4.76667]
[186.361, 275.575, 4.71759]
[186.429, 262.575, 4.71759]
[186.496, 249.575, 4.71759]
[186.564, 236.575, 4.71759]
[181.088, 221.288, 4.12854]
[173.683, 213.364, 3.39223]
[167.03, 211.387, 3.24497]
[157.59, 210.201, 1.87052]
[154.407, 224.45, 2.10658]
[142.001, 237.802, 2.16504]
[130.482, 251.955, 2.31231]
[119.175, 260.81, 2.50559]
[108.695, 287.919, 3.15779]
[94.0798, 294.379, 2.65592]
[84.2425, 303.743, 2.31537]
[79.0507, 313.794, 1.87052]
[77.0618, 326.352, 1.72326]
[76.3679, 334.268, 1.67417]
[73.8408, 341.972, 0.919975]
[81.9775, 349.377, 0.250634]
[94.9774, 349.445, 0.250634]
[107.977, 349.512, 0.250637]
[120.714, 350.868, 0.152459]
[133.63, 351.588, 0.103372]
[146.558, 352.969, 0.00519961]
[159.558, 353.036, 0.00519722]
[172.558, 353.104, 0.00519722]
[181.445, 352.767, 5.0612]
[182.769, 340.155, 4.96302]
[183.478, 327.303, 4.91394]
[183.545, 314.303, 4.91394]
[184.913, 301.503, 4.81576]
[185.636, 288.555, 4.76667]
[186.361, 275.575, 4.71759]
[186.429, 262.575, 4.71759]
[186.496, 249.575, 4.71759]
[186.564, 236.575, 4.71759]
[181.088, 221.288, 4.12854]
[173.683, 213.364, 3.39223]
[167.03, 211.387, 3.24497]
[157.59, 210.201, 1.87052]
[154.407, 224.45, 2.10658]
[142.001, 237.802, 2.16504]
[130.482, 251.955, 2.31231]
[119.175, 260.81, 2.50559]
[108.695, 287.919, 3.15779]
[94.0798, 294.379, 2.65592]
[84.2425, 303.743, 2.31537]
[79.0507, 313.794, 1.87052]
[77.0618, 326.352, 1.72326]
[76.3679, 334.268, 1.67417]
[73.8408, 341.972, 0.919975]
[81.9775, 349.377, 0.250634]
[94.9774, 349.445, 0.250634]
[107.977, 349.512, 0.250637]
[120.714, 350.868, 0.152459]
[133.63, 351.588, 0.103372]
[146.558, 352.969, 0.00519961]
[159.558, 353.036, 0.00519722]
[172.558, 353.104, 0.00519722]
[181.445, 352.767, 5.0612]
[182.769, 340.155, 4.96302]
[183.478, 327.303, 4.91394]
[183.545, 314.303, 4.91394]
[184.913, 301.503, 4.81576]
[185.636, 288.555, 4.76667]
[186.361, 275.575, 4.71759]
[186.429, 262.575, 4.71759]
[186.496, 249.575, 4.71759]
[186.564, 236.575, 4.71759]
[181.088, 221.288, 4.12854]
[173.683, 213.364, 3.39223]
[167.03, 211.387, 3.24497]
[157.59, 210.201, 1.87052]
[154.407, 224.45, 2.10658]
[142.001, 237.802, 2.16504]
[130.482, 251.955, 2.31231]
[119.175, 260.81, 2.50559]
[108.695, 287.919, 3.15779]
[94.0798, 294.379, 2.65592]
[84.2425, 303.743, 2.31537]
[79.0507, 313.794, 1.87052]
[77.0618, 326.352, 1.72326]
[76.3679, 334.268, 1.67417]
[73.8408, 341.972, 0.919975]
[81.9775, 349.377, 0.250634]
[94.9774, 349.445, 0.250634]
[107.977, 349.512, 0.250637]
[120.714, 350.868, 0.152459]
[133.63, 351.588, 0.103372]
[146.558, 352.969, 0.00519961]
[159.558, 353.036, 0.00519722]
[172.558, 353.104, 0.00519722]
[181.445, 352.767, 5.0612]
[182.769, 340.155, 4.96302]
[183.478, 327.303, 4.91394]
[183.545, 314.303, 4.91394]
[184.913, 301.503, 4.81576]
[185.636, 288.555, 4.76667]
[186.361, 275.575, 4.71759]
[186.429, 262.575, 4.71759]
[186.496, 249.575, 4.71759]
[186.564, 236.575, 4.71759]
[181.088, 221.288, 4.12854]
[173.683, 213.364, 3.39223]
[167.03, 211.387, 3.24497]
[157.59, 210.201, 1.87052]
[154.407, 224.45, 2.10658]
[142.001, 237.802, 2.16504]
[130.482, 251.955, 2.31231]
[119.175, 260.81, 2.50559]
[108.695, 287.919, 3.15779]
[94.0798, 294.379, 2.65592]
[84.2425, 303.743, 2.31537]
[79.0507, 313.794, 1.87052]
[77.0618, 326.352, 1.72326]
[76.3679, 334.268, 1.67417]
[73.8408, 341.972, 0.919975]
[81.9775, 349.377, 0.250634]
[94.9774, 349.445, 0.250634]
[107.977, 349.512, 0.250637]
[120.714, 350.868, 0.152459]
[133.63, 351.588, 0.103372]
[146.558, 352.969, 0.00519961]
[159.558, 353.036, 0.00519722]
[172.558, 353.104, 0.00519722]
[181.445, 352.767, 5.0612]
[182.769, 340.155, 4.96302]
[183.478, 327.303, 4.91394]
[183.545, 314.303, 4.91394]
[184.913, 301.503, 4.81576]
[185.636, 288.555, 4.76667]
[186.361, 275.575, 4.71759]
[186.429, 262.575, 4.71759]
[186.496, 249.575, 4.71759]
[186.564, 236.575, 4.71759]
[181.088, 221.288, 4.12854]
[173.683, 213.364, 3.39223]
[167.03, 211.387, 3.24497]
[157.59, 210.201, 1.87052]
[154.407, 224.45, 2.10658]
[142.001, 237.802, 2.16504]
[130.482, 251.955, 2.31231]
[119.175, 260.81, 2.50559]
[108.695, 287.919, 3.15779]
[94.0798, 294.379, 2.65592]
[84.2425, 303.743, 2.31537]
[79.0507, 313.794, 1.87052]
[77.0618, 326.352, 1.72326]
[76.3679, 334.268, 1.67417]
[73.8408, 341.972, 0.919975]
[81.9775, 349.377, 0.250634]
[94.9774, 349.445, 0.250634]
[107.977, 349.512, 0.250637]
[120.714, 350.868, 0.152459]
[133.63, 351.588, 0.103372]
[146.558, 352.969, 0.00519961]
[159.558, 353.036, 0.00519722]
[172.558, 353.104, 0.00519722]
[181.445, 352.767, 5.0612]
[182.769, 340.155, 4.96302]
[183.478, 327.303, 4.91394]
[183.545, 314.303, 4.91394]
[184.913, 301.503, 4.81576]
[185.636, 288.555, 4.76667]
[186.361, 275.575, 4.71759]
[186.429, 262.575, 4.71759]
[186.496, 249.575, 4.71759]
[186.564, 236.575, 4.71759]
[181.088, 221.288, 4.12854]
[173.683, 213.364, 3.39223]
[167.03, 211.387, 3.24497]
[157.59, 210.201, 1.87052]
[154.407, 224.45, 2.10658]
[142.001, 237.802, 2.16504]
[130.482, 251.955, 2.31231]
[119.175, 260.81, 2.50559]
[108.695, 287.919, 3.15779]
[94.0798, 294.379, 2.65592]
[84.2425, 303.743, 2.31537]
[79.0507, 313.794, 1.87052]
[77.0618, 326.352, 1.72326]
[76.3679, 334.268, 1.67417]
[73.8408, 341.972, 0.919975]
[81.9775, 349.377, 0.250634]
[94.9774, 349.445, 0.250634]
[107.977, 349.512, 0.250637]
[120.714, 350.868, 0.152459]
[133.63, 351.588, 0.103372]
[146.558, 352.969, 0.00519961]
[159.558, 353.036, 0.00519722]
[172.558, 353.104, 0.00519722]
[181.445, 352.767, 5.0612]
[182.769, 340.155, 4.96302]
[183.478, 327.303, 4.91394]
[183.545, 314.303, 4.91394]
[184.913, 301.503, 4.81576]
[185.636, 288.555, 4.76667]
[186.361, 275.575, 4.71759]
[186.429, 262.575, 4.71759]
[186.496, 249.575, 4.71759]
[186.564, 236.575, 4.71759]
[181.088, 221.288, 4.12854]
[173.683, 213.364, 3.39223]
[167.03, 211.387, 3.24497]
[157.59, 210.201, 1.87052]
[154.407, 224.45, 2.10658]
[142.001, 237.802, 2.16504]
[130.482, 251.955, 2.31231]
[119.175, 260.81, 2.50559]
[108.695, 287.919, 3.15779]
[94.0798, 294.379, 2.65592]
[84.2425, 303.743, 2.31537]
[79.0507, 313.794, 1.87052]
[77.0618, 326.352, 1.72326]
[76.3679, 334.268, 1.67417]
[73.8408, 341.972, 0.919975]
[81.9775, 349.377, 0.250634]
[94.9774, 349.445, 0.250634]
[107.977, 349.512, 0.250637]
[120.714, 350.868, 0.152459]
[133.63, 351.588, 0.103372]
[146.558, 352.969, 0.00519961]
[159.558, 353.036, 0.00519722]
[172.558, 353.104, 0.00519722]
[181.445, 352.767, 5.0612]
[182.769, 340.155, 4.96302]
[183.478, 327.303, 4.91394]
[183.545, 314.303, 4.91394]
[184.913, 301.503, 4.81576]
[185.636, 288.555, 4.76667]
[186.361, 275.575, 4.71759]
[186.429, 262.575, 4.71759]
[186.496, 249.575, 4.71759]
[186.564, 236.575, 4.71759]
[181.088, 221.288, 4.12854]
[173.683, 213.364, 3.39223]
[167.03, 211.387, 3.24497]
[157.59, 210.201, 1.87052]
[154.407, 224.45, 2.10658]
[142.001, 237.802, 2.16504]
[130.482, 251.955, 2.31231]
[119.175, 260.81, 2.50559]
[108.695, 287.919, 3.15779]
[94.0798, 294.379, 2.65592]
[84.2425, 303.743, 2.31537]
[79.0507, 313.794, 1.87052]
[77.0618, 326.352, 1.72326]
[76.3679, 334.268, 1.67417]
[73.8408, 341.972, 0.919975]
[81.9775, 349.377, 0.250634]
[94.9774, 349.445, 0.250634]
[107.977, 349.512, 0.250637]
[120.714, 350.868, 0.152459]
[133.63, 351.588, 0.103372]
[146.558, 352.969, 0.00519961]
[159.558, 353.036, 0.00519722]
[172.558, 353.104, 0.00519722]
[181.445, 352.767, 5.0612]
[182.769, 340.155, 4.96302]
[183.478, 327.303, 4.91394]
[183.545, 314.303, 4.91394]
[184.913, 301.503, 4.81576]
[185.636, 288.555, 4.76667]
[186.361, 275.575, 4.71759]
[186.429, 262.575, 4.71759]
[186.496, 249.575, 4.71759]
[186.564, 236.575, 4.71759]
[181.088, 221.288, 4.12854]
[173.683, 213.364, 3.39223]
[167.03, 211.387, 3.24497]
[157.59, 210.201, 1.87052]
[154.407, 224.45, 2.10658]
[142.001, 237.802, 2.16504]
[130.482, 251.955, 2.31231]
[119.175, 260.81, 2.50559]
[108.695, 287.919, 3.15779]
[94.0798, 294.379, 2.65592]
[84.2425, 303.743, 2.31537]
[79.0507, 313.794, 1.87052]
[77.0618, 326.352, 1.72326]
[76.3679, 334.268, 1.67417]
[73.8408, 341.972, 0.919975]
[81.9775, 349.377, 0.250634]
[94.9774, 349.445, 0.250634]
[107.977, 349.512, 0.250637]
[120.714, 350.868, 0.152459]
[133.63, 351.588, 0.103372]
[146.558, 352.969, 0.00519961]
[159.558, 353.036, 0.00519722]
[172.558, 353.104, 0.00519722]
[181.445, 352.767, 5.0612]
[182.769, 340.155, 4.96302]
[183.478, 327.303, 4.91394]
[183.545, 314.303, 4.91394]
[184.913, 301.503, 4.81576]
[185.636, 288.555, 4.76667]
[186.361, 275.575, 4.71759]
[186.429, 262.575, 4.71759]
[186.496, 249.575, 4.71759]
[186.564, 236.575, 4.71759]
[181.088, 221.288, 4.12854]
[173.683, 213.364, 3.39223]
[167.03, 211.387, 3.24497]
[157.59, 210.201, 1.87052]
[154.407, 224.45, 2.10658]
[142.001, 237.802, 2.16504]
[130.482, 251.955, 2.31231]
[119.175, 260.81, 2.50559]
[108.695, 287.919, 3.15779]
[94.0798, 294.379, 2.65592]
[84.2425, 303.743, 2.31537]
[79.0507, 313.794, 1.87052]
[77.0618, 326.352, 1.72326]
[76.3679, 334.268, 1.67417]
[73.8408, 341.972, 0.919975]
[81.9775, 349.377, 0.250634]
[94.9774, 349.445, 0.250634]
[107.977, 349.512, 0.250637]
[120.714, 350.868, 0.152459]
[133.63, 351.588, 0.103372]
[146.558, 352.969, 0.00519961]
[159.558, 353.036, 0.00519722]
[172.558, 353.104, 0.00519722]
[181.445, 352.767, 5.0612]
[182.769, 340.155, 4.96302]
[183.478, 327.303, 4.91394]
[183.545, 314.303, 4.91394]
[184.913, 301.503, 4.81576]
[185.636, 288.555, 4.76667]
[186.361, 275.575, 4.71759]
[186.429, 262.575, 4.71759]
[186.496, 249.575, 4.71759]
[186.564, 236.575, 4.71759]
[181.088, 221.288, 4.12854]
[173.683, 213.364, 3.39223]
[167.03, 211.387, 3.24497]
[157.59, 210.201, 1.87052]
[154.407, 224.45, 2.10658]
[142.001, 237.802, 2.16504]
[130.482, 251.955, 2.31231]
[119.175, 260.81, 2.50559]
[108.695, 287.919, 3.15779]
[94.0798, 294.379, 2.65592]
[84.2425, 303.743, 2.31537]
[79.0507, 313.794, 1.87052]
[77.0618, 326.352, 1.72326]
[76.3679, 334.268, 1.67417]
[73.8408, 341.972, 0.919975]
[81.9775, 349.377, 0.250634]
[94.9774, 349.445, 0.250634]
[107.977, 349.512, 0.250637]
[120.714, 350.868, 0.152459]
[133.63, 351.588, 0.103372]
[146.558, 352.969, 0.00519961]
[159.558, 353.036, 0.00519722]
[172.558, 353.104, 0.00519722]
[181.445, 352.767, 5.0612]
[182.769, 340.155, 4.96302]
[183.478, 327.303, 4.91394]
[183.545, 314.303, 4.91394]
[184.913, 301.503, 4.81576]
[185.636, 288.555, 4.76667]
[186.361, 275.575, 4.71759]
[186.429, 262.575, 4.71759]
[186.496, 249.575, 4.71759]
[186.564, 236.575, 4.71759]
[181.088, 221.288, 4.12854]
[173.683, 213.364, 3.39223]
[167.03, 211.387, 3.24497]
[157.59, 210.201, 1.87052]
[154.407, 224.45, 2.10658]
[142.001, 237.802, 2.16504]
[130.482, 251.955, 2.31231]
[119.175, 260.81, 2.50559]
[108.695, 287.919, 3.15779]
[94.0798, 294.379, 2.65592]
[84.2425, 303.743, 2.31537]
[79.0507, 313.794, 1.87052]
[77.0618, 326.352, 1.72326]
[76.3679, 334.268, 1.67417]
[73.8408, 341.972, 0.919975]
[81.9775, 349.377, 0.250634]
[94.9774, 349.445, 0.250634]
[107.977, 349.512, 0.250637]
[120.714, 350.868, 0.152459]
[133.63, 351.588, 0.103372]
[146.558, 352.969, 0.00519961]
[159.558, 353.036, 0.00519722]
[172.558, 353.104, 0.00519722]
[181.445, 352.767, 5.0612]
[182.769, 340.155, 4.96302]
[183.478, 327.303, 4.91394]
[183.545, 314.303, 4.91394]
[184.913, 301.503, 4.81576]
[185.636, 288.555, 4.76667]
[186.361, 275.575, 4.71759]
[186.429, 262.575, 4.71759]
[186.496, 249.575, 4.71759]
[186.564, 236.575, 4.71759]
[181.088, 221.288, 4.12854]
[173.683, 213.364, 3.39223]
[167.03, 211.387, 3.24497]
[157.59, 210.201, 1.87052]
[154.407, 224.45, 2.10658]
[142.001, 237.802, 2.16504]
[130.482, 251.955, 2.31231]
[119.175, 260.81, 2.50559]
[108.695, 287.919, 3.15779]
[94.0798, 294.379, 2.65592]
[84.2425, 303.743, 2.31537]
[79.0507, 313.794, 1.87052]
[77.0618, 326.352, 1.72326]
[76.3679, 334.268, 1.67417]
[73.8408, 341.972, 0.919975]
[81.9775, 349.377, 0.250634]
[94.9774, 349.445, 0.250634]
[107.977, 349.512, 0.250637]
[120.714, 350.868, 0.152459]
[133.63, 351.588, 0.103372]
[146.558, 352.969, 0.00519961]
[159.558, 353.036, 0.00519722]
[172.558, 353.104, 0.00519722]
[181.445, 352.767, 5.0612]
[182.769, 340.155, 4.96302]
[183.478, 327.303, 4.91394]
[183.545, 314.303, 4.91394]
[184.913, 301.503, 4.81576]
[185.636, 288.555, 4.76667]
[186.361, 275.575, 4.71759]
[186.429, 262.575, 4.71759]
[186.496, 249.575, 4.71759]
[186.564, 236.575, 4.71759]
[181.088, 221.288, 4.12854]
[173.683, 213.364, 3.39223]
[167.03, 211.387, 3.24497]
[157.59, 210.201, 1.87052]
[154.407, 224.45, 2.10658]
[142.001, 237.802, 2.16504]
[130.482, 251.955, 2.31231]
[119.175, 260.81, 2.50559]
[108.695, 287.919, 3.15779]
[94.0798, 294.379, 2.65592]
[84.2425, 303.743, 2.31537]
[79.0507, 313.794, 1.87052]
[77.0618, 326.352, 1.72326]
[76.3679, 334.268, 1.67417]
[73.8408, 341.972, 0.919975]
[81.9775, 349.377, 0.250634]
[94.9774, 349.445, 0.250634]
[107.977, 349.512, 0.250637]

